Improvement over 609 threadCount: 1%
             id, type       total ops,    op/s,    pk/s,   row/s,    mean,     med,     .95,     .99,    .999,     max,   time,   stderr, errors,  gc: #,  max ms,  sum ms,  sdv ms,      mb
  4 threadCount, WRITE,        328567,    9900,    9900,    9900,     0.4,     0.4,     0.5,     0.7,     2.3,   279.2,   33.2,  0.02203,      0,      0,       0,       0,       0,       0
  4 threadCount, total,        328567,    9900,    9900,    9900,     0.4,     0.4,     0.5,     0.7,     2.3,   279.2,   33.2,  0.02203,      0,      0,       0,       0,       0,       0
  8 threadCount, WRITE,        444442,   14727,   14727,   14727,     0.5,     0.5,     0.8,     1.0,     1.5,    70.3,   30.2,  0.00640,      0,      0,       0,       0,       0,       0
  8 threadCount, total,        444442,   14727,   14727,   14727,     0.5,     0.5,     0.8,     1.0,     1.5,    70.3,   30.2,  0.00640,      0,      0,       0,       0,       0,       0
 16 threadCount, WRITE,        640541,   21230,   21230,   21230,     0.7,     0.6,     1.2,     1.6,     3.6,    81.8,   30.2,  0.00809,      0,      0,       0,       0,       0,       0
 16 threadCount, total,        640541,   21230,   21230,   21230,     0.7,     0.6,     1.2,     1.6,     3.6,    81.8,   30.2,  0.00809,      0,      0,       0,       0,       0,       0
 24 threadCount, WRITE,        748264,   24767,   24767,   24767,     1.0,     0.8,     1.7,     2.4,     7.8,    89.0,   30.2,  0.01345,      0,      0,       0,       0,       0,       0
 24 threadCount, total,        748264,   24767,   24767,   24767,     1.0,     0.8,     1.7,     2.4,     7.8,    89.0,   30.2,  0.01345,      0,      0,       0,       0,       0,       0
 36 threadCount, WRITE,        884410,   29268,   29268,   29268,     1.2,     1.0,     2.3,     3.7,    11.9,    95.8,   30.2,  0.01493,      0,      0,       0,       0,       0,       0
 36 threadCount, total,        884410,   29268,   29268,   29268,     1.2,     1.0,     2.3,     3.7,    11.9,    95.8,   30.2,  0.01493,      0,      0,       0,       0,       0,       0
 54 threadCount, WRITE,       1035887,   34138,   34138,   34138,     1.6,     1.2,     3.1,     5.0,    13.6,    84.9,   30.3,  0.00326,      0,      0,       0,       0,       0,       0
 54 threadCount, total,       1035887,   34138,   34138,   34138,     1.6,     1.2,     3.1,     5.0,    13.6,    84.9,   30.3,  0.00326,      0,      0,       0,       0,       0,       0
 81 threadCount, WRITE,       1188571,   39049,   39049,   39049,     2.1,     1.6,     4.3,     7.6,    29.9,    75.1,   30.4,  0.00763,      0,      0,       0,       0,       0,       0
 81 threadCount, total,       1188571,   39049,   39049,   39049,     2.1,     1.6,     4.3,     7.6,    29.9,    75.1,   30.4,  0.00763,      0,      0,       0,       0,       0,       0
121 threadCount, WRITE,       1295311,   42462,   42462,   42462,     2.8,     2.1,     6.3,    10.4,    59.4,   101.8,   30.5,  0.00539,      0,      0,       0,       0,       0,       0
121 threadCount, total,       1295311,   42462,   42462,   42462,     2.8,     2.1,     6.3,    10.4,    59.4,   101.8,   30.5,  0.00539,      0,      0,       0,       0,       0,       0
181 threadCount, WRITE,       1331515,   43039,   43039,   43039,     4.2,     3.1,     9.2,    15.4,    66.7,   162.6,   30.9,  0.01235,      0,      0,       0,       0,       0,       0
181 threadCount, total,       1331515,   43039,   43039,   43039,     4.2,     3.1,     9.2,    15.4,    66.7,   162.6,   30.9,  0.01235,      0,      0,       0,       0,       0,       0
271 threadCount, WRITE,       1510856,   48846,   48846,   48846,     5.5,     4.2,    11.8,    18.6,    78.0,   128.6,   30.9,  0.00652,      0,      0,       0,       0,       0,       0
271 threadCount, total,       1510856,   48846,   48846,   48846,     5.5,     4.2,    11.8,    18.6,    78.0,   128.6,   30.9,  0.00652,      0,      0,       0,       0,       0,       0
406 threadCount, WRITE,       1482390,   47500,   47500,   47500,     8.5,     6.6,    18.0,    30.8,    91.9,   134.6,   31.2,  0.01278,      0,      0,       0,       0,       0,       0
406 threadCount, total,       1482390,   47500,   47500,   47500,     8.5,     6.6,    18.0,    30.8,    91.9,   134.6,   31.2,  0.01278,      0,      0,       0,       0,       0,       0
609 threadCount, WRITE,       1544659,   49063,   49063,   49063,    12.4,     9.7,    25.2,    46.0,    82.5,   198.4,   31.5,  0.00863,      0,      0,       0,       0,       0,       0
609 threadCount, total,       1544659,   49063,   49063,   49063,    12.4,     9.7,    25.2,    46.0,    82.5,   198.4,   31.5,  0.00863,      0,      0,       0,       0,       0,       0
913 threadCount, WRITE,       1592079,   49541,   49541,   49541,    18.4,    14.7,    37.2,    82.5,   200.5,   230.3,   32.1,  0.01917,      0,      0,       0,       0,       0,       0
913 threadCount, total,       1592079,   49541,   49541,   49541,    18.4,    14.7,    37.2,    82.5,   200.5,   230.3,   32.1,  0.01917,      0,      0,       0,       0,       0,       0