Connected to cluster: TelliusCluster, max pending requests per connection 133, max connections per host 8
Datatacenter: us-east; Host: /172.31.57.39; Rack: 1a
Datatacenter: us-east; Host: /172.31.57.38; Rack: 1a
Datatacenter: us-east; Host: /172.31.55.244; Rack: 1a
Created keyspaces. Sleeping 1s for propagation.
Sleeping 2s...
Warming up WRITE with 50000 iterations...
WARNING: uncertainty mode (err<) results in uneven workload between thread runs, so should be used for high level analysis only

Running with 4 threadCount
Running WRITE with 4 threads until stderr of mean < 0.02
type       total ops,    op/s,    pk/s,   row/s,    mean,     med,     .95,     .99,    .999,     max,   time,   stderr, errors,  gc: #,  max ms,  sum ms,  sdv ms,      mb
total,          2840,    2839,    2839,    2839,     1.4,     1.1,     3.2,     6.8,    18.0,    19.2,    1.0,  0.00000,      0,      0,       0,       0,       0,       0
total,          6206,    3346,    3346,    3346,     1.2,     1.0,     2.1,     3.5,    11.3,    18.0,    2.0,  0.06188,      0,      0,       0,       0,       0,       0
total,          9030,    2811,    2811,    2811,     1.4,     1.1,     2.8,     4.9,    44.4,    46.3,    3.0,  0.04503,      0,      0,       0,       0,       0,       0
total,         11860,    2811,    2811,    2811,     1.4,     1.2,     2.8,     4.2,     8.9,    19.0,    4.0,  0.03859,      0,      0,       0,       0,       0,       0
total,         15264,    3389,    3389,    3389,     1.2,     1.0,     1.9,     3.2,    51.6,    59.8,    5.0,  0.04462,      0,      0,       0,       0,       0,       0
total,         18814,    3540,    3540,    3540,     1.1,     0.9,     2.5,     4.6,     7.5,     8.3,    6.0,  0.04185,      0,      0,       0,       0,       0,       0
total,         22480,    3647,    3647,    3647,     1.1,     0.8,     2.4,     4.6,     8.0,    12.4,    7.0,  0.03997,      0,      0,       0,       0,       0,       0
total,         26235,    3741,    3741,    3741,     1.0,     0.8,     2.0,     5.2,    34.5,    36.5,    8.0,  0.04066,      0,      0,       0,       0,       0,       0
total,         30871,    4611,    4611,    4611,     0.8,     0.8,     1.4,     2.1,     6.0,     8.8,    9.0,  0.05208,      0,      0,       0,       0,       0,       0
total,         35556,    4660,    4660,    4660,     0.8,     0.8,     1.3,     1.9,    10.9,    14.8,   10.0,  0.05608,      0,      0,       0,       0,       0,       0
total,         40347,    4775,    4775,    4775,     0.8,     0.7,     1.3,     2.0,     5.7,    10.1,   11.0,  0.05672,      0,      0,       0,       0,       0,       0
total,         45086,    4709,    4709,    4709,     0.8,     0.7,     1.3,     1.9,     9.9,    36.0,   12.1,  0.05634,      0,      0,       0,       0,       0,       0
total,         49698,    4597,    4597,    4597,     0.8,     0.7,     1.3,     2.1,     9.3,    37.2,   13.1,  0.05417,      0,      0,       0,       0,       0,       0
total,         54682,    4960,    4960,    4960,     0.8,     0.7,     1.3,     1.6,     4.3,    10.2,   14.1,  0.05304,      0,      0,       0,       0,       0,       0
total,         59573,    4830,    4830,    4830,     0.8,     0.7,     1.3,     1.8,     9.1,    17.6,   15.1,  0.05078,      0,      0,       0,       0,       0,       0
total,         63753,    4142,    4142,    4142,     0.9,     0.8,     1.6,     3.7,    11.5,    41.3,   16.1,  0.04759,      0,      0,       0,       0,       0,       0
total,         67881,    4100,    4100,    4100,     1.0,     0.8,     1.7,     4.4,     9.3,    25.2,   17.1,  0.04475,      0,      0,       0,       0,       0,       0
total,         72558,    4634,    4634,    4634,     0.8,     0.7,     1.4,     2.9,    10.1,    11.0,   18.1,  0.04265,      0,      0,       0,       0,       0,       0
total,         77321,    4731,    4731,    4731,     0.8,     0.7,     1.3,     2.4,     4.9,     5.3,   19.1,  0.04090,      0,      0,       0,       0,       0,       0
total,         82025,    4690,    4690,    4690,     0.8,     0.7,     1.3,     1.8,     6.8,    42.8,   20.1,  0.03958,      0,      0,       0,       0,       0,       0
total,         86752,    4711,    4711,    4711,     0.8,     0.7,     1.3,     1.8,     8.6,    49.2,   21.1,  0.03828,      0,      0,       0,       0,       0,       0
total,         91673,    4891,    4891,    4891,     0.8,     0.7,     1.3,     1.8,     6.5,     9.5,   22.1,  0.03708,      0,      0,       0,       0,       0,       0
total,         96573,    4871,    4871,    4871,     0.8,     0.7,     1.3,     2.0,     4.2,    10.1,   23.1,  0.03584,      0,      0,       0,       0,       0,       0
total,        101278,    4692,    4692,    4692,     0.8,     0.7,     1.3,     1.9,     8.8,    45.7,   24.1,  0.03471,      0,      0,       0,       0,       0,       0
total,        106281,    4973,    4973,    4973,     0.8,     0.7,     1.3,     1.8,     2.8,     6.2,   25.1,  0.03371,      0,      0,       0,       0,       0,       0
total,        111115,    4820,    4820,    4820,     0.8,     0.7,     1.3,     1.8,    15.3,    20.6,   26.1,  0.03268,      0,      0,       0,       0,       0,       0
total,        116080,    4938,    4938,    4938,     0.8,     0.7,     1.3,     1.8,     4.6,     5.6,   27.1,  0.03172,      0,      0,       0,       0,       0,       0
total,        120628,    4533,    4533,    4533,     0.9,     0.7,     1.3,     1.8,    43.6,    47.8,   28.1,  0.03058,      0,      0,       0,       0,       0,       0
total,        125614,    4970,    4970,    4970,     0.8,     0.7,     1.3,     1.7,     3.5,     5.5,   29.1,  0.02978,      0,      0,       0,       0,       0,       0
total,        130070,    4440,    4440,    4440,     0.9,     0.7,     1.5,     3.7,     9.2,     9.9,   30.2,  0.02878,      0,      0,       0,       0,       0,       0
total,        134504,    4415,    4415,    4415,     0.9,     0.8,     1.6,     2.8,     7.8,    22.3,   31.2,  0.02784,      0,      0,       0,       0,       0,       0
total,        139239,    4714,    4714,    4714,     0.8,     0.7,     1.3,     1.8,     5.2,    47.4,   32.2,  0.02714,      0,      0,       0,       0,       0,       0
total,        144136,    4884,    4884,    4884,     0.8,     0.7,     1.3,     1.9,     8.5,    10.5,   33.2,  0.02643,      0,      0,       0,       0,       0,       0
total,        149064,    4907,    4907,    4907,     0.8,     0.7,     1.3,     1.8,     4.9,    11.3,   34.2,  0.02580,      0,      0,       0,       0,       0,       0
total,        153735,    4664,    4664,    4664,     0.8,     0.7,     1.3,     1.8,     4.9,    50.0,   35.2,  0.02517,      0,      0,       0,       0,       0,       0
total,        158687,    4746,    4746,    4746,     0.8,     0.7,     1.3,     1.8,     4.5,    52.3,   36.2,  0.02458,      0,      0,       0,       0,       0,       0
total,        163673,    4968,    4968,    4968,     0.8,     0.7,     1.3,     1.6,     4.4,     6.9,   37.2,  0.02404,      0,      0,       0,       0,       0,       0
total,        168721,    5033,    5033,    5033,     0.8,     0.7,     1.2,     1.6,     2.2,     2.8,   38.2,  0.02356,      0,      0,       0,       0,       0,       0
total,        173476,    4735,    4735,    4735,     0.8,     0.7,     1.3,     1.7,     4.0,    54.2,   39.2,  0.02307,      0,      0,       0,       0,       0,       0
total,        178384,    4879,    4879,    4879,     0.8,     0.7,     1.3,     1.8,     6.9,    14.9,   40.2,  0.02257,      0,      0,       0,       0,       0,       0
total,        183320,    4918,    4918,    4918,     0.8,     0.7,     1.3,     1.9,     5.3,     6.8,   41.2,  0.02209,      0,      0,       0,       0,       0,       0
total,        187953,    4618,    4618,    4618,     0.8,     0.7,     1.3,     1.8,    10.2,    52.3,   42.2,  0.02160,      0,      0,       0,       0,       0,       0
total,        192674,    4706,    4706,    4706,     0.8,     0.7,     1.2,     1.6,     2.9,    60.5,   43.2,  0.02118,      0,      0,       0,       0,       0,       0
total,        197614,    4927,    4927,    4927,     0.8,     0.7,     1.3,     1.8,     3.1,     5.4,   44.2,  0.02074,      0,      0,       0,       0,       0,       0
total,        201800,    4170,    4170,    4170,     0.9,     0.8,     1.7,     3.7,     5.2,     7.8,   45.2,  0.02040,      0,      0,       0,       0,       0,       0
total,        206767,    4950,    4950,    4950,     0.8,     0.7,     1.3,     1.7,     2.8,     3.9,   46.3,  0.02001,      0,      0,       0,       0,       0,       0
total,        211291,    4509,    4509,    4509,     0.9,     0.7,     1.3,     2.1,     8.3,    61.1,   47.3,  0.01960,      0,      0,       0,       0,       0,       0
total,        211300,    1550,    1550,    1550,     2.1,     1.9,     4.6,     4.6,     4.6,     4.6,   47.3,  0.02385,      0,      0,       0,       0,       0,       0


Results:
op rate                   : 4471 [WRITE:4471]
partition rate            : 4471 [WRITE:4471]
row rate                  : 4471 [WRITE:4471]
latency mean              : 0.9 [WRITE:0.9]
latency median            : 0.8 [WRITE:0.8]
latency 95th percentile   : 1.4 [WRITE:1.4]
latency 99th percentile   : 2.3 [WRITE:2.3]
latency 99.9th percentile : 6.5 [WRITE:6.5]
latency max               : 61.1 [WRITE:61.1]
Total partitions          : 211300 [WRITE:211300]
Total errors              : 0 [WRITE:0]
total gc count            : 0
total gc mb               : 0
total gc time (s)         : 0
avg gc time(ms)           : NaN
stdev gc time(ms)         : 0
Total operation time      : 00:00:47

Sleeping for 15s

Running with 8 threadCount
Running WRITE with 8 threads until stderr of mean < 0.02
type       total ops,    op/s,    pk/s,   row/s,    mean,     med,     .95,     .99,    .999,     max,   time,   stderr, errors,  gc: #,  max ms,  sum ms,  sdv ms,      mb
total,          5423,    5417,    5417,    5417,     1.5,     1.1,     3.4,     6.5,    12.5,    19.4,    1.0,  0.00000,      0,      0,       0,       0,       0,       0
total,         11342,    5866,    5866,    5866,     1.3,     1.1,     2.5,     3.5,    55.7,    59.7,    2.0,  0.04754,      0,      0,       0,       0,       0,       0
total,         17234,    5877,    5877,    5877,     1.3,     1.1,     2.5,     4.1,    57.7,    63.3,    3.0,  0.03593,      0,      0,       0,       0,       0,       0
total,         23560,    6291,    6291,    6291,     1.2,     1.1,     2.5,     3.6,     4.8,     6.3,    4.0,  0.02940,      0,      0,       0,       0,       0,       0
total,         29523,    5939,    5939,    5939,     1.3,     1.1,     2.7,     4.5,    18.7,    21.6,    5.0,  0.02352,      0,      0,       0,       0,       0,       0
total,         35507,    5935,    5935,    5935,     1.3,     1.1,     2.5,     3.5,    57.2,    59.0,    6.0,  0.02043,      0,      0,       0,       0,       0,       0
total,         41755,    6214,    6214,    6214,     1.3,     1.1,     2.5,     3.7,     5.1,     6.8,    7.0,  0.01772,      0,      0,       0,       0,       0,       0
total,         48043,    6262,    6262,    6262,     1.3,     1.1,     2.5,     3.6,     5.2,     7.1,    8.0,  0.01579,      0,      0,       0,       0,       0,       0
total,         53320,    5236,    5236,    5236,     1.5,     1.1,     2.8,     5.6,    52.9,    57.4,    9.0,  0.02090,      0,      0,       0,       0,       0,       0
total,         59311,    5955,    5955,    5955,     1.3,     1.1,     2.7,     4.1,     8.5,    11.8,   10.1,  0.01886,      0,      0,       0,       0,       0,       0
total,         65306,    5965,    5965,    5965,     1.3,     1.1,     2.6,     3.9,    28.3,    34.8,   11.1,  0.01718,      0,      0,       0,       0,       0,       0
total,         71297,    5967,    5967,    5967,     1.3,     1.1,     2.4,     3.4,    48.2,    51.3,   12.1,  0.01600,      0,      0,       0,       0,       0,       0
total,         77458,    6129,    6129,    6129,     1.3,     1.1,     2.5,     3.5,    10.5,    12.5,   13.1,  0.01480,      0,      0,       0,       0,       0,       0
total,         83719,    6229,    6229,    6229,     1.3,     1.1,     2.5,     3.5,     5.7,     6.0,   14.1,  0.01387,      0,      0,       0,       0,       0,       0
total,         89554,    5801,    5801,    5801,     1.4,     1.1,     2.6,     4.4,    42.7,    53.4,   15.1,  0.01296,      0,      0,       0,       0,       0,       0
total,         95772,    6180,    6180,    6180,     1.3,     1.1,     2.5,     3.6,    15.9,    21.9,   16.1,  0.01230,      0,      0,       0,       0,       0,       0
total,        101986,    6185,    6185,    6185,     1.3,     1.1,     2.5,     3.7,     9.5,    12.8,   17.1,  0.01165,      0,      0,       0,       0,       0,       0
total,        108206,    6194,    6194,    6194,     1.3,     1.1,     2.5,     3.5,     5.8,     9.5,   18.1,  0.01104,      0,      0,       0,       0,       0,       0
total,        114147,    5913,    5913,    5913,     1.3,     1.1,     2.5,     3.9,    49.2,    51.1,   19.1,  0.01050,      0,      0,       0,       0,       0,       0
total,        120498,    6294,    6294,    6294,     1.2,     1.1,     2.5,     3.6,     6.5,     7.7,   20.1,  0.01009,      0,      0,       0,       0,       0,       0
total,        126246,    5710,    5710,    5710,     1.4,     1.1,     2.5,     4.0,    44.1,    51.0,   21.1,  0.01009,      0,      0,       0,       0,       0,       0
total,        132521,    6252,    6252,    6252,     1.3,     1.1,     2.5,     3.3,     4.6,     5.9,   22.1,  0.00970,      0,      0,       0,       0,       0,       0
total,        138749,    6191,    6191,    6191,     1.3,     1.1,     2.5,     3.3,     4.9,     7.7,   23.1,  0.00929,      0,      0,       0,       0,       0,       0
total,        143359,    4590,    4590,    4590,     1.7,     1.2,     4.5,     9.6,    42.2,    44.7,   24.1,  0.01284,      0,      0,       0,       0,       0,       0
total,        145533,    2151,    2151,    2151,     3.7,     1.1,     7.3,    62.8,   292.9,   294.7,   25.1,  0.02763,      0,      0,       0,       0,       0,       0
total,        151125,    5561,    5561,    5561,     1.4,     1.1,     2.8,     5.8,    48.0,    49.4,   26.1,  0.02658,      0,      0,       0,       0,       0,       0
total,        156434,    5279,    5279,    5279,     1.5,     1.1,     3.6,     6.6,    15.9,    19.5,   27.1,  0.02589,      0,      0,       0,       0,       0,       0
total,        161428,    4976,    4976,    4976,     1.6,     1.1,     4.8,     7.2,    47.5,    54.6,   28.2,  0.02541,      0,      0,       0,       0,       0,       0
total,        167491,    6021,    6021,    6021,     1.3,     1.1,     2.7,     5.1,     8.7,    12.7,   29.2,  0.02454,      0,      0,       0,       0,       0,       0
total,        173461,    5929,    5929,    5929,     1.3,     1.1,     2.5,     3.8,    28.3,    32.6,   30.2,  0.02372,      0,      0,       0,       0,       0,       0
total,        179743,    6248,    6248,    6248,     1.3,     1.1,     2.4,     3.6,     7.8,    10.2,   31.2,  0.02300,      0,      0,       0,       0,       0,       0
total,        185709,    5928,    5928,    5928,     1.3,     1.1,     2.6,     3.6,    48.3,    50.1,   32.2,  0.02231,      0,      0,       0,       0,       0,       0
total,        191866,    6132,    6132,    6132,     1.3,     1.1,     2.5,     3.4,    15.0,    17.8,   33.2,  0.02166,      0,      0,       0,       0,       0,       0
total,        197851,    5947,    5947,    5947,     1.3,     1.1,     2.4,     3.5,    43.0,    50.0,   34.2,  0.02104,      0,      0,       0,       0,       0,       0
total,        204094,    6211,    6211,    6211,     1.3,     1.1,     2.5,     3.4,     6.0,     6.6,   35.2,  0.02046,      0,      0,       0,       0,       0,       0
total,        210197,    6049,    6049,    6049,     1.3,     1.1,     2.4,     3.4,    34.5,    41.3,   36.2,  0.01992,      0,      0,       0,       0,       0,       0
total,        210230,    3549,    3549,    3549,     2.0,     1.3,     7.4,     8.3,     8.3,     8.3,   36.2,  0.02237,      0,      0,       0,       0,       0,       0


Results:
op rate                   : 5805 [WRITE:5805]
partition rate            : 5805 [WRITE:5805]
row rate                  : 5805 [WRITE:5805]
latency mean              : 1.4 [WRITE:1.4]
latency median            : 1.1 [WRITE:1.1]
latency 95th percentile   : 2.6 [WRITE:2.6]
latency 99th percentile   : 4.1 [WRITE:4.1]
latency 99.9th percentile : 10.3 [WRITE:10.3]
latency max               : 294.7 [WRITE:294.7]
Total partitions          : 210230 [WRITE:210230]
Total errors              : 0 [WRITE:0]
total gc count            : 0
total gc mb               : 0
total gc time (s)         : 0
avg gc time(ms)           : NaN
stdev gc time(ms)         : 0
Total operation time      : 00:00:36

Improvement over 4 threadCount: 30%
Sleeping for 15s

Running with 16 threadCount
Running WRITE with 16 threads until stderr of mean < 0.02
type       total ops,    op/s,    pk/s,   row/s,    mean,     med,     .95,     .99,    .999,     max,   time,   stderr, errors,  gc: #,  max ms,  sum ms,  sdv ms,      mb
total,          7654,    7649,    7649,    7649,     2.1,     1.8,     4.0,     6.0,    18.2,    20.9,    1.0,  0.00000,      0,      0,       0,       0,       0,       0
total,         15146,    7407,    7407,    7407,     2.1,     1.8,     3.8,     6.0,    47.6,    49.9,    2.0,  0.00253,      0,      0,       0,       0,       0,       0
total,         22071,    6829,    6829,    6829,     2.3,     1.9,     4.7,     9.7,    50.4,    53.1,    3.0,  0.03339,      0,      0,       0,       0,       0,       0
total,         29454,    7231,    7231,    7231,     2.2,     1.9,     4.5,     7.4,    17.7,    27.5,    4.0,  0.02592,      0,      0,       0,       0,       0,       0
total,         37012,    7505,    7505,    7505,     2.1,     1.8,     4.1,     6.0,    43.0,    46.5,    5.1,  0.02274,      0,      0,       0,       0,       0,       0
total,         44538,    7477,    7477,    7477,     2.1,     1.9,     4.3,     6.1,    10.9,    12.2,    6.1,  0.01895,      0,      0,       0,       0,       0,       0
total,         52108,    7537,    7537,    7537,     2.1,     1.8,     3.8,     5.6,    50.6,    53.7,    7.1,  0.01782,      0,      0,       0,       0,       0,       0
total,         59482,    7291,    7291,    7291,     2.2,     1.8,     4.1,     7.6,    52.4,    56.9,    8.1,  0.01562,      0,      0,       0,       0,       0,       0
total,         67255,    7739,    7739,    7739,     2.0,     1.8,     4.1,     5.6,     8.0,    10.9,    9.1,  0.01412,      0,      0,       0,       0,       0,       0
total,         74694,    7384,    7384,    7384,     2.1,     1.8,     4.1,     6.5,    41.8,    46.5,   10.1,  0.01272,      0,      0,       0,       0,       0,       0
total,         82579,    7815,    7815,    7815,     2.0,     1.8,     3.9,     5.3,     8.3,    10.6,   11.1,  0.01186,      0,      0,       0,       0,       0,       0
total,         90073,    7442,    7442,    7442,     2.1,     1.8,     4.2,     6.0,    48.5,    51.4,   12.1,  0.01103,      0,      0,       0,       0,       0,       0
total,         97482,    7331,    7331,    7331,     2.2,     1.8,     4.2,     6.5,    47.3,    57.5,   13.1,  0.01056,      0,      0,       0,       0,       0,       0
total,        105202,    7638,    7638,    7638,     2.1,     1.8,     4.0,     5.6,    15.2,    19.3,   14.1,  0.00981,      0,      0,       0,       0,       0,       0
total,        112808,    7557,    7557,    7557,     2.1,     1.8,     4.0,     5.8,    43.4,    45.7,   15.1,  0.00943,      0,      0,       0,       0,       0,       0
total,        120310,    7422,    7422,    7422,     2.1,     1.8,     4.1,     7.1,    20.2,    24.7,   16.1,  0.00888,      0,      0,       0,       0,       0,       0
total,        127843,    7438,    7438,    7438,     2.1,     1.8,     4.1,     6.5,    49.2,    52.8,   17.2,  0.00843,      0,      0,       0,       0,       0,       0
total,        135181,    7217,    7217,    7217,     2.2,     1.8,     4.5,     8.1,    52.1,    56.1,   18.2,  0.00797,      0,      0,       0,       0,       0,       0
total,        142801,    7466,    7466,    7466,     2.1,     1.9,     3.9,     5.9,    13.7,    19.1,   19.2,  0.00762,      0,      0,       0,       0,       0,       0
total,        150204,    7331,    7331,    7331,     2.2,     1.8,     4.1,     6.6,    42.4,    46.2,   20.2,  0.00724,      0,      0,       0,       0,       0,       0
total,        157116,    6873,    6873,    6873,     2.3,     1.9,     5.0,     7.9,    11.0,    12.9,   21.2,  0.00825,      0,      0,       0,       0,       0,       0
total,        164648,    7455,    7455,    7455,     2.1,     1.8,     4.1,     5.9,    44.3,    48.7,   22.2,  0.00796,      0,      0,       0,       0,       0,       0
total,        172014,    7321,    7321,    7321,     2.2,     1.8,     4.0,     6.5,    52.8,    56.7,   23.2,  0.00763,      0,      0,       0,       0,       0,       0
total,        179845,    7777,    7777,    7777,     2.0,     1.8,     4.1,     5.8,     9.8,    12.7,   24.2,  0.00738,      0,      0,       0,       0,       0,       0
total,        187323,    7436,    7436,    7436,     2.1,     1.8,     4.2,     6.6,    44.9,    47.9,   25.2,  0.00712,      0,      0,       0,       0,       0,       0
total,        195194,    7791,    7791,    7791,     2.0,     1.8,     3.9,     5.4,    11.5,    13.1,   26.2,  0.00696,      0,      0,       0,       0,       0,       0
total,        202782,    7542,    7542,    7542,     2.1,     1.8,     4.1,     6.2,    45.2,    49.7,   27.3,  0.00679,      0,      0,       0,       0,       0,       0
total,        210225,    7385,    7385,    7385,     2.1,     1.8,     4.0,     5.9,    47.4,    56.7,   28.3,  0.00654,      0,      0,       0,       0,       0,       0
total,        217931,    7629,    7629,    7629,     2.1,     1.9,     4.0,     5.5,     8.4,     9.1,   29.3,  0.00632,      0,      0,       0,       0,       0,       0
total,        225464,    7461,    7461,    7461,     2.1,     1.8,     4.1,     6.2,    49.9,    51.2,   30.3,  0.00615,      0,      0,       0,       0,       0,       0
total,        225517,    3574,    3574,    3574,     4.1,     3.6,     8.6,     9.1,     9.1,     9.1,   30.3,  0.01819,      0,      0,       0,       0,       0,       0


Results:
op rate                   : 7444 [WRITE:7444]
partition rate            : 7444 [WRITE:7444]
row rate                  : 7444 [WRITE:7444]
latency mean              : 2.1 [WRITE:2.1]
latency median            : 1.8 [WRITE:1.8]
latency 95th percentile   : 4.0 [WRITE:4.0]
latency 99th percentile   : 5.7 [WRITE:5.7]
latency 99.9th percentile : 18.2 [WRITE:18.2]
latency max               : 57.5 [WRITE:57.5]
Total partitions          : 225517 [WRITE:225517]
Total errors              : 0 [WRITE:0]
total gc count            : 0
total gc mb               : 0
total gc time (s)         : 0
avg gc time(ms)           : NaN
stdev gc time(ms)         : 0
Total operation time      : 00:00:30

Improvement over 8 threadCount: 28%
Sleeping for 15s

Running with 24 threadCount
Running WRITE with 24 threads until stderr of mean < 0.02
type       total ops,    op/s,    pk/s,   row/s,    mean,     med,     .95,     .99,    .999,     max,   time,   stderr, errors,  gc: #,  max ms,  sum ms,  sdv ms,      mb
total,          7899,    7900,    7900,    7900,     3.0,     2.4,     5.7,     8.5,   113.6,   115.4,    1.0,  0.00000,      0,      0,       0,       0,       0,       0
total,         15860,    7861,    7861,    7861,     3.0,     2.4,     5.8,    10.2,    58.5,    62.3,    2.0,  0.04275,      0,      0,       0,       0,       0,       0
total,         24426,    8505,    8505,    8505,     2.8,     2.5,     5.6,     7.9,    11.3,    11.8,    3.0,  0.02870,      0,      0,       0,       0,       0,       0
total,         33312,    8802,    8802,    8802,     2.7,     2.4,     5.3,     7.2,    11.5,    14.1,    4.0,  0.02347,      0,      0,       0,       0,       0,       0
total,         41891,    8504,    8504,    8504,     2.8,     2.3,     5.8,     8.4,    47.5,    53.1,    5.0,  0.01980,      0,      0,       0,       0,       0,       0
total,         50809,    8833,    8833,    8833,     2.7,     2.3,     5.6,     7.8,    11.5,    12.2,    6.0,  0.01704,      0,      0,       0,       0,       0,       0
total,         58700,    7795,    7795,    7795,     3.0,     2.4,     6.0,    10.9,    56.5,    64.7,    7.1,  0.01956,      0,      0,       0,       0,       0,       0
total,         67750,    8954,    8954,    8954,     2.7,     2.4,     4.7,     6.9,    12.6,    16.7,    8.1,  0.01810,      0,      0,       0,       0,       0,       0
total,         76488,    8576,    8576,    8576,     2.8,     2.4,     5.4,     8.4,    47.2,    50.8,    9.1,  0.01650,      0,      0,       0,       0,       0,       0
total,         85115,    8478,    8478,    8478,     2.8,     2.5,     5.8,     7.8,    14.7,    17.0,   10.1,  0.01492,      0,      0,       0,       0,       0,       0
total,         93285,    7981,    7981,    7981,     3.0,     2.4,     5.9,    10.1,    56.9,    62.2,   11.1,  0.01495,      0,      0,       0,       0,       0,       0
total,        101922,    8524,    8524,    8524,     2.8,     2.5,     5.4,     7.7,    10.6,    12.8,   12.1,  0.01371,      0,      0,       0,       0,       0,       0
total,        110648,    8634,    8634,    8634,     2.8,     2.3,     6.1,     9.2,    12.9,    19.2,   13.2,  0.01267,      0,      0,       0,       0,       0,       0
total,        118795,    8015,    8015,    8015,     3.0,     2.5,     5.9,     9.7,    46.2,    48.3,   14.2,  0.01192,      0,      0,       0,       0,       0,       0
total,        126948,    8084,    8084,    8084,     2.9,     2.5,     5.7,    10.1,    55.8,    63.2,   15.2,  0.01164,      0,      0,       0,       0,       0,       0
total,        135752,    8668,    8668,    8668,     2.7,     2.3,     5.5,     8.5,    46.9,    50.5,   16.2,  0.01149,      0,      0,       0,       0,       0,       0
total,        144458,    8614,    8614,    8614,     2.8,     2.4,     5.5,     8.2,    18.5,    20.9,   17.2,  0.01083,      0,      0,       0,       0,       0,       0
total,        152881,    8348,    8348,    8348,     2.8,     2.4,     5.5,     8.0,    47.3,    51.1,   18.2,  0.01026,      0,      0,       0,       0,       0,       0
total,        161657,    8631,    8631,    8631,     2.8,     2.4,     5.6,     8.2,    13.6,    21.5,   19.2,  0.00973,      0,      0,       0,       0,       0,       0
total,        169909,    8156,    8156,    8156,     2.9,     2.3,     6.0,    10.3,    52.0,    58.7,   20.2,  0.00952,      0,      0,       0,       0,       0,       0
total,        178684,    8624,    8624,    8624,     2.8,     2.4,     5.5,     7.8,    12.7,    14.5,   21.3,  0.00908,      0,      0,       0,       0,       0,       0
total,        187435,    8671,    8671,    8671,     2.7,     2.4,     5.5,     7.9,    12.6,    14.5,   22.3,  0.00870,      0,      0,       0,       0,       0,       0
total,        195929,    8416,    8416,    8416,     2.8,     2.4,     5.5,     7.9,    45.3,    50.1,   23.3,  0.00837,      0,      0,       0,       0,       0,       0
total,        204204,    8226,    8226,    8226,     2.9,     2.4,     5.7,     8.9,    58.7,    65.5,   24.3,  0.00803,      0,      0,       0,       0,       0,       0
total,        212454,    8136,    8136,    8136,     2.9,     2.5,     5.8,     9.8,    46.1,    51.8,   25.3,  0.00775,      0,      0,       0,       0,       0,       0
total,        221120,    8575,    8575,    8575,     2.8,     2.4,     5.7,     9.1,    18.2,    25.0,   26.3,  0.00745,      0,      0,       0,       0,       0,       0
total,        229741,    8517,    8517,    8517,     2.8,     2.3,     5.9,     9.0,    44.7,    49.5,   27.3,  0.00727,      0,      0,       0,       0,       0,       0
total,        238323,    8492,    8492,    8492,     2.8,     2.4,     5.7,     8.2,    16.5,    18.8,   28.3,  0.00702,      0,      0,       0,       0,       0,       0
total,        246931,    8160,    8160,    8160,     2.9,     2.2,     6.1,     9.8,    60.8,    64.4,   29.4,  0.00695,      0,      0,       0,       0,       0,       0
total,        255513,    8529,    8529,    8529,     2.8,     2.4,     5.8,     9.2,    14.7,    22.8,   30.4,  0.00672,      0,      0,       0,       0,       0,       0
total,        255570,    4305,    4305,    4305,     4.8,     3.8,    10.0,    11.5,    11.5,    11.5,   30.4,  0.01570,      0,      0,       0,       0,       0,       0


Results:
op rate                   : 8405 [WRITE:8405]
partition rate            : 8405 [WRITE:8405]
row rate                  : 8405 [WRITE:8405]
latency mean              : 2.8 [WRITE:2.8]
latency median            : 2.4 [WRITE:2.4]
latency 95th percentile   : 5.5 [WRITE:5.5]
latency 99th percentile   : 7.9 [WRITE:7.9]
latency 99.9th percentile : 46.2 [WRITE:46.2]
latency max               : 115.4 [WRITE:115.4]
Total partitions          : 255570 [WRITE:255570]
Total errors              : 0 [WRITE:0]
total gc count            : 0
total gc mb               : 0
total gc time (s)         : 0
avg gc time(ms)           : NaN
stdev gc time(ms)         : 0
Total operation time      : 00:00:30

Improvement over 16 threadCount: 13%
Sleeping for 15s

Running with 36 threadCount
Running WRITE with 36 threads until stderr of mean < 0.02
type       total ops,    op/s,    pk/s,   row/s,    mean,     med,     .95,     .99,    .999,     max,   time,   stderr, errors,  gc: #,  max ms,  sum ms,  sdv ms,      mb
total,          9490,    9489,    9489,    9489,     3.8,     3.2,     8.3,    12.4,    18.8,    24.1,    1.0,  0.00000,      0,      0,       0,       0,       0,       0
total,         17730,    7772,    7772,    7772,     4.6,     3.5,    10.8,    19.1,    58.7,    67.4,    2.1,  0.05641,      0,      0,       0,       0,       0,       0
total,         26481,    8828,    8828,    8828,     4.0,     3.3,     8.2,    13.3,    74.8,    80.1,    3.1,  0.03995,      0,      0,       0,       0,       0,       0
total,         35835,    8892,    8892,    8892,     4.0,     3.2,     8.7,    13.4,    60.1,    63.1,    4.1,  0.03076,      0,      0,       0,       0,       0,       0
total,         45537,    9611,    9611,    9611,     3.7,     3.2,     8.3,    11.9,    16.3,    19.9,    5.1,  0.02674,      0,      0,       0,       0,       0,       0
total,         54739,    9063,    9063,    9063,     3.9,     3.0,     8.5,    13.0,    55.9,    69.8,    6.1,  0.02249,      0,      0,       0,       0,       0,       0
total,         64780,    9621,    9621,    9621,     3.8,     2.9,     8.8,    15.1,    62.5,    72.0,    7.2,  0.02011,      0,      0,       0,       0,       0,       0
total,         74313,    8967,    8967,    8967,     4.0,     3.2,     9.2,    14.3,    63.0,    67.4,    8.2,  0.01761,      0,      0,       0,       0,       0,       0
total,         84707,   10076,   10076,   10076,     3.6,     3.1,     7.5,    12.2,    17.0,    30.9,    9.3,  0.01798,      0,      0,       0,       0,       0,       0
total,         93361,    8512,    8512,    8512,     4.2,     3.3,     8.7,    14.8,    60.0,    67.9,   10.3,  0.01846,      0,      0,       0,       0,       0,       0
total,        103138,    9685,    9685,    9685,     3.7,     3.0,     8.8,    12.7,    19.5,    24.4,   11.3,  0.01716,      0,      0,       0,       0,       0,       0
total,        112393,    9180,    9180,    9180,     3.9,     3.1,     8.8,    12.9,    50.4,    57.5,   12.3,  0.01575,      0,      0,       0,       0,       0,       0
total,        122110,    9702,    9702,    9702,     3.7,     3.1,     8.2,    11.3,    15.7,    18.8,   13.3,  0.01481,      0,      0,       0,       0,       0,       0
total,        131385,    8985,    8985,    8985,     4.0,     3.1,     8.2,    17.3,    55.7,    59.8,   14.3,  0.01405,      0,      0,       0,       0,       0,       0
total,        140290,    8795,    8795,    8795,     4.1,     3.6,     8.5,    12.0,    16.9,    18.0,   15.3,  0.01366,      0,      0,       0,       0,       0,       0
total,        149702,    9290,    9290,    9290,     3.9,     3.1,     8.3,    12.7,    52.7,    59.7,   16.4,  0.01295,      0,      0,       0,       0,       0,       0
total,        159351,    9442,    9442,    9442,     3.8,     3.2,     8.6,    13.1,    17.9,    23.1,   17.4,  0.01220,      0,      0,       0,       0,       0,       0
total,        168346,    8763,    8763,    8763,     4.1,     3.2,     8.1,    18.1,    59.4,    67.8,   18.4,  0.01200,      0,      0,       0,       0,       0,       0
total,        178069,    9584,    9584,    9584,     3.7,     3.2,     8.1,    11.8,    17.2,    19.5,   19.4,  0.01147,      0,      0,       0,       0,       0,       0
total,        187399,    9264,    9264,    9264,     3.9,     3.1,     8.7,    13.8,    56.4,    63.4,   20.4,  0.01101,      0,      0,       0,       0,       0,       0
total,        197073,    9582,    9582,    9582,     3.7,     3.2,     8.5,    12.9,    19.6,    22.1,   21.4,  0.01056,      0,      0,       0,       0,       0,       0
total,        205445,    8264,    8264,    8264,     4.3,     3.4,     8.5,    24.1,    57.1,    67.8,   22.5,  0.01134,      0,      0,       0,       0,       0,       0
total,        214933,    9360,    9360,    9360,     3.8,     3.2,     8.7,    13.6,    19.4,    22.3,   23.5,  0.01085,      0,      0,       0,       0,       0,       0
total,        224263,    9248,    9248,    9248,     3.9,     3.1,     8.9,    12.8,    49.5,    54.6,   24.5,  0.01048,      0,      0,       0,       0,       0,       0
total,        234057,    9674,    9674,    9674,     3.7,     3.1,     8.1,    11.3,    15.5,    17.1,   25.5,  0.01017,      0,      0,       0,       0,       0,       0
total,        242863,    8656,    8656,    8656,     4.1,     3.2,     9.3,    17.4,    57.8,    61.1,   26.5,  0.01016,      0,      0,       0,       0,       0,       0
total,        252486,    9494,    9494,    9494,     3.8,     3.2,     7.8,    13.2,    25.9,    30.5,   27.5,  0.00981,      0,      0,       0,       0,       0,       0
total,        261566,    8940,    8940,    8940,     4.0,     3.4,     8.3,    12.1,    49.8,    53.4,   28.5,  0.00946,      0,      0,       0,       0,       0,       0
total,        271348,    9661,    9661,    9661,     3.7,     3.0,     9.0,    12.7,    18.3,    22.0,   29.5,  0.00922,      0,      0,       0,       0,       0,       0
total,        280565,    9056,    9056,    9056,     3.9,     3.3,     8.5,    14.6,    59.6,    68.4,   30.6,  0.00891,      0,      0,       0,       0,       0,       0
total,        280736,    6494,    6494,    6494,     4.5,     3.3,    10.6,    12.4,    13.1,    13.1,   30.6,  0.01303,      0,      0,       0,       0,       0,       0


Results:
op rate                   : 9177 [WRITE:9177]
partition rate            : 9177 [WRITE:9177]
row rate                  : 9177 [WRITE:9177]
latency mean              : 3.9 [WRITE:3.9]
latency median            : 3.2 [WRITE:3.2]
latency 95th percentile   : 8.3 [WRITE:8.3]
latency 99th percentile   : 12.4 [WRITE:12.4]
latency 99.9th percentile : 53.6 [WRITE:53.6]
latency max               : 80.1 [WRITE:80.1]
Total partitions          : 280736 [WRITE:280736]
Total errors              : 0 [WRITE:0]
total gc count            : 0
total gc mb               : 0
total gc time (s)         : 0
avg gc time(ms)           : NaN
stdev gc time(ms)         : 0
Total operation time      : 00:00:30

Improvement over 24 threadCount: 9%
Sleeping for 15s

Running with 54 threadCount
Running WRITE with 54 threads until stderr of mean < 0.02
type       total ops,    op/s,    pk/s,   row/s,    mean,     med,     .95,     .99,    .999,     max,   time,   stderr, errors,  gc: #,  max ms,  sum ms,  sdv ms,      mb
total,         11147,   11146,   11146,   11146,     4.9,     4.1,    11.4,    18.4,    31.5,    39.5,    1.0,  0.00000,      0,      0,       0,       0,       0,       0
total,         21650,   10344,   10344,   10344,     5.2,     3.9,    12.7,    20.0,    61.7,    75.6,    2.0,  0.01215,      0,      0,       0,       0,       0,       0
total,         33059,   11053,   11053,   11053,     4.9,     3.9,    11.8,    19.1,    40.2,    50.7,    3.0,  0.00841,      0,      0,       0,       0,       0,       0
total,         43027,    9653,    9653,    9653,     5.5,     4.1,    12.9,    42.8,    65.6,    77.7,    4.1,  0.02792,      0,      0,       0,       0,       0,       0
total,         54171,   10677,   10677,   10677,     5.0,     3.8,    12.1,    22.5,    63.3,    72.3,    5.1,  0.02342,      0,      0,       0,       0,       0,       0
total,         65354,   10945,   10945,   10945,     4.9,     3.9,    13.1,    19.1,    25.4,    31.2,    6.1,  0.01965,      0,      0,       0,       0,       0,       0
total,         75589,   10127,   10127,   10127,     5.2,     4.1,    12.5,    17.7,    23.2,    30.4,    7.2,  0.01882,      0,      0,       0,       0,       0,       0
total,         85916,    9948,    9948,    9948,     5.5,     3.9,    14.5,    32.8,    65.4,    71.8,    8.2,  0.01850,      0,      0,       0,       0,       0,       0
total,         96031,    9966,    9966,    9966,     5.4,     4.0,    14.0,    23.5,    55.1,    58.8,    9.2,  0.01676,      0,      0,       0,       0,       0,       0
total,        106505,   10234,   10234,   10234,     5.3,     4.1,    12.9,    18.6,    28.9,    33.6,   10.2,  0.01542,      0,      0,       0,       0,       0,       0
total,        116645,    9999,    9999,    9999,     5.4,     4.0,    12.9,    21.8,    64.0,    73.1,   11.2,  0.01475,      0,      0,       0,       0,       0,       0
total,        126832,    9906,    9906,    9906,     5.4,     3.5,    16.2,    26.1,    47.8,    60.5,   12.3,  0.01427,      0,      0,       0,       0,       0,       0
total,        137645,   10612,   10612,   10612,     5.1,     4.0,    12.1,    21.5,    52.8,    57.6,   13.3,  0.01360,      0,      0,       0,       0,       0,       0
total,        148593,   10633,   10633,   10633,     5.1,     4.2,    12.1,    17.1,    23.5,    29.8,   14.3,  0.01266,      0,      0,       0,       0,       0,       0
total,        158732,    9832,    9832,    9832,     5.5,     4.0,    13.2,    38.3,    63.0,    75.2,   15.4,  0.01253,      0,      0,       0,       0,       0,       0
total,        169459,   10545,   10545,   10545,     5.1,     4.3,    11.2,    16.1,    21.2,    22.9,   16.4,  0.01175,      0,      0,       0,       0,       0,       0
total,        180129,   10408,   10408,   10408,     5.2,     4.3,    11.0,    17.7,    53.0,    59.0,   17.4,  0.01114,      0,      0,       0,       0,       0,       0
total,        189984,    9762,    9762,    9762,     5.4,     4.2,    13.1,    20.3,    53.8,    64.3,   18.4,  0.01116,      0,      0,       0,       0,       0,       0
total,        200169,    9994,    9994,    9994,     5.4,     4.0,    14.4,    23.6,    55.6,    67.0,   19.4,  0.01081,      0,      0,       0,       0,       0,       0
total,        210786,   10492,   10492,   10492,     5.1,     3.9,    12.3,    20.8,    55.8,    61.2,   20.4,  0.01041,      0,      0,       0,       0,       0,       0
total,        221805,   10677,   10677,   10677,     5.0,     4.2,    11.3,    16.2,    29.7,    33.5,   21.5,  0.00996,      0,      0,       0,       0,       0,       0
total,        232161,   10123,   10123,   10123,     5.3,     4.4,    11.3,    18.7,    62.4,    74.2,   22.5,  0.00962,      0,      0,       0,       0,       0,       0
total,        242412,   10093,   10093,   10093,     5.3,     4.4,    11.6,    18.0,    50.8,    63.7,   23.5,  0.00920,      0,      0,       0,       0,       0,       0
total,        252709,   10107,   10107,   10107,     5.3,     4.1,    12.8,    22.4,    54.5,    69.3,   24.5,  0.00882,      0,      0,       0,       0,       0,       0
total,        263434,   10479,   10479,   10479,     5.1,     4.3,    11.6,    17.6,    25.1,    30.2,   25.6,  0.00847,      0,      0,       0,       0,       0,       0
total,        273631,   10084,   10084,   10084,     5.3,     4.0,    12.7,    20.6,    64.4,    70.9,   26.6,  0.00814,      0,      0,       0,       0,       0,       0
total,        284061,   10119,   10119,   10119,     5.3,     4.2,    12.4,    20.1,    53.6,    57.1,   27.6,  0.00784,      0,      0,       0,       0,       0,       0
total,        293938,    9747,    9747,    9747,     5.5,     4.3,    13.0,    20.9,    62.6,    75.6,   28.6,  0.00764,      0,      0,       0,       0,       0,       0
total,        303824,    9693,    9693,    9693,     5.4,     4.3,    12.8,    18.9,    66.4,    70.5,   29.6,  0.00775,      0,      0,       0,       0,       0,       0
total,        314122,   10403,   10403,   10403,     5.2,     4.1,    12.5,    18.0,    67.6,    80.4,   30.6,  0.00749,      0,      0,       0,       0,       0,       0
total,        314372,    3684,    3684,    3684,    17.2,     5.7,    62.9,    78.6,    78.9,    78.9,   30.7,  0.01029,      0,      0,       0,       0,       0,       0


Results:
op rate                   : 10246 [WRITE:10246]
partition rate            : 10246 [WRITE:10246]
row rate                  : 10246 [WRITE:10246]
latency mean              : 5.2 [WRITE:5.2]
latency median            : 4.1 [WRITE:4.1]
latency 95th percentile   : 11.8 [WRITE:11.8]
latency 99th percentile   : 17.8 [WRITE:17.8]
latency 99.9th percentile : 52.3 [WRITE:52.3]
latency max               : 80.4 [WRITE:80.4]
Total partitions          : 314372 [WRITE:314372]
Total errors              : 0 [WRITE:0]
total gc count            : 0
total gc mb               : 0
total gc time (s)         : 0
avg gc time(ms)           : NaN
stdev gc time(ms)         : 0
Total operation time      : 00:00:30

Improvement over 36 threadCount: 12%
Sleeping for 15s

Running with 81 threadCount
Running WRITE with 81 threads until stderr of mean < 0.02
type       total ops,    op/s,    pk/s,   row/s,    mean,     med,     .95,     .99,    .999,     max,   time,   stderr, errors,  gc: #,  max ms,  sum ms,  sdv ms,      mb
total,         10420,   10422,   10422,   10422,     7.8,     6.2,    14.3,    33.8,   141.4,   148.2,    1.0,  0.00000,      0,      0,       0,       0,       0,       0
total,         21095,   10498,   10498,   10498,     7.7,     5.4,    19.1,    43.8,    67.9,   108.3,    2.0,  0.00258,      0,      0,       0,       0,       0,       0
total,         32168,   10829,   10829,   10829,     7.4,     4.9,    20.0,    33.7,    78.6,    90.7,    3.0,  0.00966,      0,      0,       0,       0,       0,       0
total,         43220,   10687,   10687,   10687,     7.5,     5.7,    19.2,    32.8,    63.9,    73.6,    4.1,  0.01100,      0,      0,       0,       0,       0,       0
total,         55073,   11682,   11682,   11682,     6.9,     5.1,    18.2,    37.4,    66.0,    68.1,    5.1,  0.01851,      0,      0,       0,       0,       0,       0
total,         66315,   11028,   11028,   11028,     7.3,     5.7,    16.8,    27.5,    74.4,    90.7,    6.1,  0.01552,      0,      0,       0,       0,       0,       0
total,         77780,   11095,   11095,   11095,     7.3,     5.1,    20.5,    29.2,    39.2,    44.3,    7.1,  0.01346,      0,      0,       0,       0,       0,       0
total,         90599,   12438,   12438,   12438,     6.5,     5.3,    10.5,    45.7,    80.0,   119.4,    8.2,  0.01958,      0,      0,       0,       0,       0,       0
total,        102453,   11557,   11557,   11557,     7.0,     5.7,    16.2,    33.4,    55.3,    61.6,    9.2,  0.01781,      0,      0,       0,       0,       0,       0
total,        114264,   11604,   11604,   11604,     6.9,     5.0,    19.7,    37.0,    71.4,    79.7,   10.2,  0.01638,      0,      0,       0,       0,       0,       0
total,        125509,   10896,   10896,   10896,     7.4,     5.7,    19.9,    37.4,    58.1,    62.4,   11.2,  0.01513,      0,      0,       0,       0,       0,       0
total,        136436,   10737,   10737,   10737,     7.5,     4.6,    22.9,    35.0,    58.7,    77.6,   12.3,  0.01428,      0,      0,       0,       0,       0,       0
total,        148726,   11412,   11412,   11412,     7.1,     5.1,    22.3,    45.0,    71.9,    86.7,   13.3,  0.01327,      0,      0,       0,       0,       0,       0
total,        160401,   11409,   11409,   11409,     7.0,     4.7,    21.6,    44.1,    62.5,    75.8,   14.4,  0.01240,      0,      0,       0,       0,       0,       0
total,        172031,   11431,   11431,   11431,     7.0,     5.5,    17.6,    25.2,    33.9,    40.7,   15.4,  0.01164,      0,      0,       0,       0,       0,       0
total,        183193,   10473,   10473,   10473,     7.7,     5.8,    19.2,    46.2,    64.7,    75.1,   16.4,  0.01165,      0,      0,       0,       0,       0,       0
total,        195120,   11456,   11456,   11456,     7.1,     5.5,    17.8,    25.1,    33.2,    34.3,   17.5,  0.01105,      0,      0,       0,       0,       0,       0
total,        206284,   10845,   10845,   10845,     7.4,     5.4,    20.0,    39.6,    55.4,    63.3,   18.5,  0.01058,      0,      0,       0,       0,       0,       0
total,        217906,   11380,   11380,   11380,     7.1,     5.9,    15.9,    33.0,    60.1,    75.9,   19.5,  0.01006,      0,      0,       0,       0,       0,       0
total,        229083,   10718,   10718,   10718,     7.5,     4.6,    21.8,    33.8,    68.0,    79.0,   20.6,  0.00978,      0,      0,       0,       0,       0,       0
total,        240870,   11249,   11249,   11249,     7.2,     5.2,    19.8,    35.8,    55.0,    64.4,   21.6,  0.00932,      0,      0,       0,       0,       0,       0
total,        252162,   10905,   10905,   10905,     7.4,     6.0,    18.6,    33.1,    57.5,    63.8,   22.7,  0.00896,      0,      0,       0,       0,       0,       0
total,        263615,   11198,   11198,   11198,     7.2,     5.8,    18.2,    38.8,    70.1,    89.0,   23.7,  0.00857,      0,      0,       0,       0,       0,       0
total,        274989,   11219,   11219,   11219,     7.1,     5.4,    19.0,    30.2,    47.3,    62.2,   24.7,  0.00821,      0,      0,       0,       0,       0,       0
total,        286790,   11553,   11553,   11553,     7.0,     4.7,    20.1,    35.5,    58.6,    78.0,   25.7,  0.00800,      0,      0,       0,       0,       0,       0
total,        297230,   10197,   10197,   10197,     7.9,     5.6,    21.3,    49.0,    66.0,    78.2,   26.7,  0.00838,      0,      0,       0,       0,       0,       0
total,        309511,   11935,   11935,   11935,     6.7,     4.8,    20.7,    35.2,    50.1,    62.0,   27.8,  0.00848,      0,      0,       0,       0,       0,       0
total,        321057,   11315,   11315,   11315,     7.1,     5.7,    16.5,    26.5,    60.0,    69.7,   28.8,  0.00818,      0,      0,       0,       0,       0,       0
total,        332159,   10781,   10781,   10781,     7.4,     5.2,    21.1,    33.7,    68.6,    82.9,   29.8,  0.00799,      0,      0,       0,       0,       0,       0
total,        343486,   10844,   10844,   10844,     7.5,     5.5,    18.9,    31.1,    77.8,    92.6,   30.9,  0.00779,      0,      0,       0,       0,       0,       0
total,        343790,    9229,    9229,    9229,     8.3,     6.6,    21.0,    24.2,    26.0,    26.0,   30.9,  0.00934,      0,      0,       0,       0,       0,       0


Results:
op rate                   : 11124 [WRITE:11124]
partition rate            : 11124 [WRITE:11124]
row rate                  : 11124 [WRITE:11124]
latency mean              : 7.2 [WRITE:7.2]
latency median            : 5.3 [WRITE:5.3]
latency 95th percentile   : 18.0 [WRITE:18.0]
latency 99th percentile   : 29.3 [WRITE:29.3]
latency 99.9th percentile : 60.1 [WRITE:60.1]
latency max               : 148.2 [WRITE:148.2]
Total partitions          : 343790 [WRITE:343790]
Total errors              : 0 [WRITE:0]
total gc count            : 0
total gc mb               : 0
total gc time (s)         : 0
avg gc time(ms)           : NaN
stdev gc time(ms)         : 0
Total operation time      : 00:00:30

Improvement over 54 threadCount: 9%
Sleeping for 15s

Running with 121 threadCount
Running WRITE with 121 threads until stderr of mean < 0.02
type       total ops,    op/s,    pk/s,   row/s,    mean,     med,     .95,     .99,    .999,     max,   time,   stderr, errors,  gc: #,  max ms,  sum ms,  sdv ms,      mb
total,         11936,   11936,   11936,   11936,    10.8,     8.4,    23.9,    88.8,   104.0,   109.7,    1.0,  0.00000,      0,      0,       0,       0,       0,       0
total,         24768,   12476,   12476,   12476,     9.7,     7.6,    24.2,    35.8,    66.5,    67.4,    2.0,  0.01565,      0,      0,       0,       0,       0,       0
total,         36361,   11276,   11276,   11276,    10.7,     7.6,    29.0,    66.5,    84.1,   104.1,    3.1,  0.02381,      0,      0,       0,       0,       0,       0
total,         49156,   12232,   12232,   12232,     9.8,     7.4,    26.1,    36.1,    47.6,    57.3,    4.1,  0.01874,      0,      0,       0,       0,       0,       0
total,         61936,   12274,   12274,   12274,     9.8,     7.8,    24.3,    53.0,    69.4,    77.9,    5.1,  0.01554,      0,      0,       0,       0,       0,       0
total,         74104,   11810,   11810,   11810,    10.2,     6.5,    31.1,    67.8,    88.8,   100.3,    6.2,  0.01332,      0,      0,       0,       0,       0,       0
total,         87081,   12738,   12738,   12738,     9.4,     7.2,    24.6,    32.8,    51.2,    62.2,    7.2,  0.01389,      0,      0,       0,       0,       0,       0
total,        100368,   12836,   12836,   12836,     9.4,     7.7,    25.6,    43.9,    61.4,    73.5,    8.2,  0.01395,      0,      0,       0,       0,       0,       0
total,        112648,   12079,   12079,   12079,     9.9,     7.1,    28.0,    52.2,    71.8,    85.5,    9.2,  0.01245,      0,      0,       0,       0,       0,       0
total,        126189,   13046,   13046,   13046,     9.3,     8.0,    22.3,    34.5,    42.8,    49.6,   10.3,  0.01297,      0,      0,       0,       0,       0,       0
total,        138416,   11962,   11962,   11962,    10.0,     6.0,    31.9,    44.8,    63.6,    72.3,   11.3,  0.01202,      0,      0,       0,       0,       0,       0
total,        150281,   11532,   11532,   11532,    10.5,     7.3,    29.6,    51.0,    80.2,    90.4,   12.3,  0.01201,      0,      0,       0,       0,       0,       0
total,        163050,   12454,   12454,   12454,     9.7,     7.3,    24.9,    35.1,    44.4,    49.2,   13.4,  0.01119,      0,      0,       0,       0,       0,       0
total,        175554,   12085,   12085,   12085,    10.0,     7.6,    25.7,    45.3,    65.9,    90.6,   14.4,  0.01042,      0,      0,       0,       0,       0,       0
total,        187425,   11533,   11533,   11533,    10.3,     7.2,    28.5,    55.0,    89.8,    97.4,   15.4,  0.01037,      0,      0,       0,       0,       0,       0
total,        200782,   12790,   12790,   12790,     9.5,     6.7,    32.9,    54.2,    76.5,    82.0,   16.5,  0.01020,      0,      0,       0,       0,       0,       0
total,        213406,   12339,   12339,   12339,     9.8,     7.6,    24.2,    39.5,    65.6,    75.0,   17.5,  0.00962,      0,      0,       0,       0,       0,       0
total,        225848,   12005,   12005,   12005,    10.0,     7.4,    26.2,    48.9,    78.4,    90.1,   18.5,  0.00913,      0,      0,       0,       0,       0,       0
total,        237598,   11452,   11452,   11452,    10.5,     8.8,    25.0,    39.6,    59.4,    70.9,   19.6,  0.00922,      0,      0,       0,       0,       0,       0
total,        250764,   12444,   12444,   12444,     9.7,     6.4,    31.8,    49.9,    73.4,    89.4,   20.6,  0.00882,      0,      0,       0,       0,       0,       0
total,        263365,   11603,   11603,   11603,    10.4,     7.9,    27.6,    49.8,    73.4,    86.1,   21.7,  0.00869,      0,      0,       0,       0,       0,       0
total,        276461,   12879,   12879,   12879,     9.3,     6.7,    27.4,    53.6,    74.3,    85.4,   22.7,  0.00871,      0,      0,       0,       0,       0,       0
total,        289408,   12413,   12413,   12413,     9.7,     6.7,    28.7,    43.4,    66.9,    87.1,   23.8,  0.00836,      0,      0,       0,       0,       0,       0
total,        301505,   11655,   11655,   11655,    10.2,     7.9,    26.4,    54.7,    85.4,   104.3,   24.8,  0.00822,      0,      0,       0,       0,       0,       0
total,        313938,   12040,   12040,   12040,    10.1,     7.3,    26.8,    49.1,    93.7,   107.6,   25.8,  0.00790,      0,      0,       0,       0,       0,       0
total,        326594,   12288,   12288,   12288,     9.8,     7.1,    26.7,    39.1,    56.5,    78.7,   26.9,  0.00761,      0,      0,       0,       0,       0,       0
total,        339053,   12050,   12050,   12050,    10.0,     8.0,    25.7,    40.2,    57.6,    67.0,   27.9,  0.00734,      0,      0,       0,       0,       0,       0
total,        351126,   11654,   11654,   11654,    10.4,     8.0,    25.6,    59.0,    84.9,    99.0,   28.9,  0.00723,      0,      0,       0,       0,       0,       0
total,        364447,   12991,   12991,   12991,     9.1,     8.1,    19.5,    39.0,    62.3,    70.8,   30.0,  0.00736,      0,      0,       0,       0,       0,       0
total,        377090,   11734,   11734,   11734,    10.4,     6.8,    34.1,    61.5,    99.3,   111.3,   31.0,  0.00722,      0,      0,       0,       0,       0,       0
total,        377551,    9674,    9674,    9674,    12.6,    11.3,    23.2,    27.3,    31.1,    31.1,   31.1,  0.00959,      0,      0,       0,       0,       0,       0


Results:
op rate                   : 12149 [WRITE:12149]
partition rate            : 12149 [WRITE:12149]
row rate                  : 12149 [WRITE:12149]
latency mean              : 9.9 [WRITE:9.9]
latency median            : 7.4 [WRITE:7.4]
latency 95th percentile   : 25.1 [WRITE:25.1]
latency 99th percentile   : 39.7 [WRITE:39.7]
latency 99.9th percentile : 73.2 [WRITE:73.2]
latency max               : 111.3 [WRITE:111.3]
Total partitions          : 377551 [WRITE:377551]
Total errors              : 0 [WRITE:0]
total gc count            : 0
total gc mb               : 0
total gc time (s)         : 0
avg gc time(ms)           : NaN
stdev gc time(ms)         : 0
Total operation time      : 00:00:31

Improvement over 81 threadCount: 9%
Sleeping for 15s

Running with 181 threadCount
Running WRITE with 181 threads until stderr of mean < 0.02
type       total ops,    op/s,    pk/s,   row/s,    mean,     med,     .95,     .99,    .999,     max,   time,   stderr, errors,  gc: #,  max ms,  sum ms,  sdv ms,      mb
total,         10762,   10761,   10761,   10761,    17.3,    10.2,    63.3,   107.7,   132.2,   153.4,    1.0,  0.00000,      0,      0,       0,       0,       0,       0
total,         23806,   12613,   12613,   12613,    14.4,    11.6,    36.0,    97.5,   110.5,   118.1,    2.0,  0.05604,      0,      0,       0,       0,       0,       0
total,         36966,   12579,   12579,   12579,    14.3,     9.9,    42.2,    62.5,    78.1,    86.6,    3.1,  0.04169,      0,      0,       0,       0,       0,       0
total,         48515,   10743,   10743,   10743,    16.9,    12.6,    43.8,    91.0,   128.3,   142.4,    4.2,  0.03950,      0,      0,       0,       0,       0,       0
total,         61655,   12752,   12752,   12752,    14.1,    11.4,    35.2,    54.0,    90.5,    97.2,    5.2,  0.03501,      0,      0,       0,       0,       0,       0
total,         75445,   12968,   12968,   12968,    13.9,    10.0,    38.0,    54.8,    80.7,    87.1,    6.2,  0.03180,      0,      0,       0,       0,       0,       0
total,         88030,   11575,   11575,   11575,    15.4,     9.3,    51.0,    87.1,   121.5,   145.2,    7.3,  0.02795,      0,      0,       0,       0,       0,       0
total,        100535,   11619,   11619,   11619,    15.7,    10.0,    50.0,    72.2,    90.9,   100.9,    8.4,  0.02483,      0,      0,       0,       0,       0,       0
total,        113290,   12262,   12262,   12262,    14.7,    10.5,    41.6,    69.0,    85.6,    91.0,    9.5,  0.02218,      0,      0,       0,       0,       0,       0
total,        121103,    7273,    7273,    7273,    24.9,    22.2,    56.6,    94.1,   113.2,   127.5,   10.5,  0.04404,      0,      0,       0,       0,       0,       0
total,        131036,    9127,    9127,    9127,    19.8,    17.9,    37.0,    48.8,    69.2,    70.3,   11.6,  0.04473,      0,      0,       0,       0,       0,       0
total,        143330,   10417,   10417,   10417,    17.1,    13.7,    42.6,    97.3,   174.6,   181.5,   12.8,  0.04174,      0,      0,       0,       0,       0,       0
total,        156451,   11253,   11253,   11253,    16.4,    14.9,    24.3,    85.5,   117.9,   136.0,   14.0,  0.03852,      0,      0,       0,       0,       0,       0
total,        170002,   11851,   11851,   11851,    15.3,    14.9,    24.2,    34.7,    51.1,    59.7,   15.1,  0.03583,      0,      0,       0,       0,       0,       0
total,        180708,   10448,   10448,   10448,    17.1,    13.9,    46.7,   101.0,   140.8,   142.9,   16.1,  0.03394,      0,      0,       0,       0,       0,       0
total,        192679,   11211,   11211,   11211,    16.3,    14.1,    37.9,    61.7,    82.4,    95.5,   17.2,  0.03182,      0,      0,       0,       0,       0,       0
total,        205169,   12120,   12120,   12120,    14.8,    14.5,    22.6,    39.0,    62.4,    80.4,   18.2,  0.03015,      0,      0,       0,       0,       0,       0
total,        216718,   10592,   10592,   10592,    17.1,    15.3,    30.9,    80.8,   104.7,   110.7,   19.3,  0.02876,      0,      0,       0,       0,       0,       0
total,        228748,   11370,   11370,   11370,    15.7,    12.7,    39.4,    63.3,    99.0,   115.1,   20.4,  0.02723,      0,      0,       0,       0,       0,       0
total,        241502,   12155,   12155,   12155,    14.9,    10.6,    41.4,    65.8,    89.5,   102.9,   21.4,  0.02607,      0,      0,       0,       0,       0,       0
total,        254751,   12459,   12459,   12459,    14.5,     8.7,    46.5,    62.0,    75.8,    91.2,   22.5,  0.02517,      0,      0,       0,       0,       0,       0
total,        268335,   12695,   12695,   12695,    14.2,    11.5,    34.4,    47.5,    57.6,    62.9,   23.6,  0.02447,      0,      0,       0,       0,       0,       0
total,        281050,   11840,   11840,   11840,    15.1,    10.3,    43.7,    65.6,    98.8,   109.8,   24.6,  0.02343,      0,      0,       0,       0,       0,       0
total,        294402,   12516,   12516,   12516,    14.3,     9.9,    43.1,    64.0,    82.6,   104.4,   25.7,  0.02270,      0,      0,       0,       0,       0,       0
total,        307942,   12773,   12773,   12773,    14.1,    11.2,    38.7,    53.2,    74.9,    86.9,   26.8,  0.02214,      0,      0,       0,       0,       0,       0
total,        320517,   11887,   11887,   11887,    15.0,     9.6,    46.0,    77.5,   122.3,   130.9,   27.8,  0.02130,      0,      0,       0,       0,       0,       0
total,        333470,   12523,   12523,   12523,    14.7,    12.4,    34.5,    55.6,    83.4,    91.1,   28.9,  0.02068,      0,      0,       0,       0,       0,       0
total,        346814,   12807,   12807,   12807,    14.1,    12.3,    30.8,    58.1,    98.2,   115.6,   29.9,  0.02021,      0,      0,       0,       0,       0,       0
total,        359755,   12570,   12570,   12570,    14.4,    12.2,    33.1,    68.1,   110.8,   122.9,   30.9,  0.01966,      0,      0,       0,       0,       0,       0
total,        372419,   12324,   12324,   12324,    14.6,     6.4,    57.8,    88.5,   123.4,   136.7,   32.0,  0.01906,      0,      0,       0,       0,       0,       0
total,        373454,   11140,   11140,   11140,    16.1,    10.1,    39.6,    61.5,    67.8,    70.7,   32.0,  0.01853,      0,      0,       0,       0,       0,       0


Results:
op rate                   : 11654 [WRITE:11654]
partition rate            : 11654 [WRITE:11654]
row rate                  : 11654 [WRITE:11654]
latency mean              : 15.5 [WRITE:15.5]
latency median            : 12.6 [WRITE:12.6]
latency 95th percentile   : 38.3 [WRITE:38.3]
latency 99th percentile   : 64.5 [WRITE:64.5]
latency 99.9th percentile : 106.2 [WRITE:106.2]
latency max               : 181.5 [WRITE:181.5]
Total partitions          : 373454 [WRITE:373454]
Total errors              : 0 [WRITE:0]
total gc count            : 0
total gc mb               : 0
total gc time (s)         : 0
avg gc time(ms)           : NaN
stdev gc time(ms)         : 0
Total operation time      : 00:00:32

Improvement over 121 threadCount: -4%
Sleeping for 15s

Running with 271 threadCount
Running WRITE with 271 threads until stderr of mean < 0.02
type       total ops,    op/s,    pk/s,   row/s,    mean,     med,     .95,     .99,    .999,     max,   time,   stderr, errors,  gc: #,  max ms,  sum ms,  sdv ms,      mb
total,         12168,   12169,   12169,   12169,    22.9,    15.7,    70.0,   139.2,   151.1,   161.5,    1.0,  0.00000,      0,      0,       0,       0,       0,       0
total,         24930,   11991,   11991,   11991,    22.5,    16.8,    64.4,    88.5,   115.5,   124.5,    2.1,  0.00522,      0,      0,       0,       0,       0,       0
total,         37225,   11822,   11822,   11822,    22.6,    16.9,    60.7,    82.6,   114.9,   134.0,    3.1,  0.00682,      0,      0,       0,       0,       0,       0
total,         50717,   12722,   12722,   12722,    21.3,    15.6,    61.4,    78.0,   111.2,   132.8,    4.2,  0.01390,      0,      0,       0,       0,       0,       0
total,         63318,   11783,   11783,   11783,    22.9,    16.0,    70.4,    95.4,   141.5,   163.1,    5.2,  0.01261,      0,      0,       0,       0,       0,       0
total,         76910,   12645,   12645,   12645,    21.4,    15.9,    57.2,    75.8,   101.9,   116.2,    6.3,  0.01248,      0,      0,       0,       0,       0,       0
total,         90391,   12249,   12249,   12249,    21.8,    11.7,    73.3,   118.2,   171.9,   189.6,    7.4,  0.01071,      0,      0,       0,       0,       0,       0
total,        104056,   12282,   12282,   12282,    22.4,    16.3,    68.6,    97.8,   125.4,   137.1,    8.5,  0.00939,      0,      0,       0,       0,       0,       0
total,        118273,   13509,   13509,   13509,    19.8,    16.5,    55.7,    89.6,   129.7,   155.0,    9.6,  0.01378,      0,      0,       0,       0,       0,       0
total,        132199,   12534,   12534,   12534,    21.4,    12.7,    64.3,    83.9,   123.7,   173.0,   10.7,  0.01246,      0,      0,       0,       0,       0,       0
total,        145817,   12650,   12650,   12650,    21.3,    12.9,    63.9,   107.6,   141.3,   156.7,   11.8,  0.01147,      0,      0,       0,       0,       0,       0
total,        158485,   11775,   11775,   11775,    23.1,    17.8,    65.6,    81.2,   107.5,   113.9,   12.8,  0.01130,      0,      0,       0,       0,       0,       0
total,        171388,   12355,   12355,   12355,    22.0,    15.2,    62.8,   109.9,   149.7,   176.7,   13.9,  0.01043,      0,      0,       0,       0,       0,       0
total,        185231,   13204,   13204,   13204,    20.4,    12.2,    59.4,   120.2,   212.0,   261.0,   14.9,  0.01075,      0,      0,       0,       0,       0,       0
total,        200248,   13828,   13828,   13828,    19.3,    15.4,    49.2,    72.2,    89.2,   115.1,   16.0,  0.01236,      0,      0,       0,       0,       0,       0
total,        214133,   13196,   13196,   13196,    20.5,    16.2,    53.3,    75.9,   101.1,   128.3,   17.1,  0.01202,      0,      0,       0,       0,       0,       0
total,        228529,   13568,   13568,   13568,    19.9,    15.0,    54.9,    81.6,    99.7,   125.6,   18.1,  0.01218,      0,      0,       0,       0,       0,       0
total,        242705,   13464,   13464,   13464,    20.2,    16.2,    50.7,    79.6,   126.7,   139.5,   19.2,  0.01203,      0,      0,       0,       0,       0,       0
total,        257029,   12901,   12901,   12901,    19.9,    14.8,    54.6,    85.0,   114.8,   151.3,   20.3,  0.01143,      0,      0,       0,       0,       0,       0
total,        271160,   12884,   12884,   12884,    22.0,    17.2,    52.9,    95.2,   165.2,   194.6,   21.4,  0.01088,      0,      0,       0,       0,       0,       0
total,        285507,   13626,   13626,   13626,    19.7,    16.3,    50.5,    71.3,    94.7,   100.2,   22.4,  0.01089,      0,      0,       0,       0,       0,       0
total,        299119,   12977,   12977,   12977,    20.9,    15.6,    57.2,    86.8,   100.3,   131.0,   23.5,  0.01043,      0,      0,       0,       0,       0,       0
total,        313599,   13885,   13885,   13885,    19.0,    13.2,    57.0,    74.9,    88.1,    91.9,   24.5,  0.01065,      0,      0,       0,       0,       0,       0
total,        328298,   13843,   13843,   13843,    19.5,    15.3,    52.1,    72.3,   103.2,   133.2,   25.6,  0.01071,      0,      0,       0,       0,       0,       0
total,        344312,   13144,   13144,   13144,    20.9,    12.9,    63.4,   129.6,   205.2,   250.3,   26.8,  0.01032,      0,      0,       0,       0,       0,       0
total,        358968,   13664,   13664,   13664,    19.8,    14.1,    56.5,    88.0,   112.7,   137.4,   27.9,  0.01019,      0,      0,       0,       0,       0,       0
total,        373948,   14147,   14147,   14147,    19.0,    16.9,    40.9,    61.2,    90.1,   111.5,   28.9,  0.01041,      0,      0,       0,       0,       0,       0
total,        388436,   13179,   13179,   13179,    20.4,    11.8,    68.8,    95.6,   118.6,   130.0,   30.0,  0.01006,      0,      0,       0,       0,       0,       0
total,        403130,   13660,   13660,   13660,    19.8,    16.1,    50.0,    72.9,    92.3,   127.0,   31.1,  0.00988,      0,      0,       0,       0,       0,       0
total,        417633,   13155,   13155,   13155,    20.7,    12.4,    62.2,    92.2,   141.2,   157.3,   32.2,  0.00956,      0,      0,       0,       0,       0,       0
total,        418553,   11982,   11982,   11982,    22.4,    21.5,    48.6,    55.9,    67.5,    67.5,   32.3,  0.00958,      0,      0,       0,       0,       0,       0


Results:
op rate                   : 12958 [WRITE:12958]
partition rate            : 12958 [WRITE:12958]
row rate                  : 12958 [WRITE:12958]
latency mean              : 20.9 [WRITE:20.9]
latency median            : 15.2 [WRITE:15.2]
latency 95th percentile   : 56.6 [WRITE:56.6]
latency 99th percentile   : 83.8 [WRITE:83.8]
latency 99.9th percentile : 134.5 [WRITE:134.5]
latency max               : 261.0 [WRITE:261.0]
Total partitions          : 418553 [WRITE:418553]
Total errors              : 0 [WRITE:0]
total gc count            : 0
total gc mb               : 0
total gc time (s)         : 0
avg gc time(ms)           : NaN
stdev gc time(ms)         : 0
Total operation time      : 00:00:32

Improvement over 181 threadCount: 11%
Sleeping for 15s

Running with 406 threadCount
Running WRITE with 406 threads until stderr of mean < 0.02
type       total ops,    op/s,    pk/s,   row/s,    mean,     med,     .95,     .99,    .999,     max,   time,   stderr, errors,  gc: #,  max ms,  sum ms,  sdv ms,      mb
total,         13667,   13586,   13586,   13586,    32.4,    24.5,    79.6,   159.1,   220.1,   235.8,    1.0,  0.00000,      0,      0,       0,       0,       0,       0
total,         28137,   13306,   13306,   13306,    30.3,    26.2,    72.1,    95.3,   122.4,   148.2,    2.1,  0.00735,      0,      0,       0,       0,       0,       0
total,         42711,   13240,   13240,   13240,    30.7,    23.6,    78.0,   109.7,   128.4,   144.8,    3.2,  0.00647,      0,      0,       0,       0,       0,       0
total,         57906,   14521,   14521,   14521,    27.9,    22.3,    67.0,    82.6,   109.3,   117.0,    4.2,  0.01874,      0,      0,       0,       0,       0,       0
total,         73207,   13812,   13812,   13812,    29.0,    22.8,    77.7,   100.4,   125.1,   132.6,    5.3,  0.01508,      0,      0,       0,       0,       0,       0
total,         88791,   13972,   13972,   13972,    29.1,    22.1,    81.3,   118.7,   150.5,   163.0,    6.5,  0.01290,      0,      0,       0,       0,       0,       0
total,        105319,   14754,   14754,   14754,    27.6,    16.5,    90.1,   140.4,   216.2,   278.0,    7.6,  0.01460,      0,      0,       0,       0,       0,       0
total,        120258,   13711,   13711,   13711,    28.9,    18.8,    86.4,   123.1,   157.1,   205.0,    8.7,  0.01288,      0,      0,       0,       0,       0,       0
total,        135625,   14255,   14255,   14255,    29.1,    25.7,    65.5,    87.4,   142.1,   165.2,    9.8,  0.01179,      0,      0,       0,       0,       0,       0
total,        151678,   14387,   14387,   14387,    28.0,    11.7,    99.1,   141.0,   214.1,   249.8,   10.9,  0.01106,      0,      0,       0,       0,       0,       0
total,        167431,   14016,   14016,   14016,    29.0,    25.3,    68.0,    96.7,   110.2,   120.7,   12.0,  0.01006,      0,      0,       0,       0,       0,       0
total,        182069,   13261,   13261,   13261,    30.6,    15.8,    94.3,   131.3,   200.2,   208.6,   13.1,  0.01009,      0,      0,       0,       0,       0,       0
total,        196484,   13371,   13371,   13371,    30.4,    27.5,    65.8,    87.0,   112.6,   119.2,   14.2,  0.00976,      0,      0,       0,       0,       0,       0
total,        212025,   14484,   14484,   14484,    27.9,    25.9,    54.9,    84.1,   109.8,   124.4,   15.2,  0.00955,      0,      0,       0,       0,       0,       0
total,        227140,   14383,   14383,   14383,    28.2,    21.7,    79.0,   100.7,   122.8,   165.7,   16.3,  0.00916,      0,      0,       0,       0,       0,       0
total,        241693,   13904,   13904,   13904,    28.7,    22.0,    77.1,    99.9,   123.9,   143.6,   17.3,  0.00859,      0,      0,       0,       0,       0,       0
total,        256457,   14039,   14039,   14039,    28.7,    21.2,    77.2,   102.4,   136.5,   150.1,   18.4,  0.00809,      0,      0,       0,       0,       0,       0
total,        271554,   13922,   13922,   13922,    28.7,    24.7,    74.5,   110.0,   143.1,   167.2,   19.5,  0.00765,      0,      0,       0,       0,       0,       0
total,        288660,   14063,   14063,   14063,    29.6,    15.4,    93.8,   140.2,   179.9,   211.0,   20.7,  0.00725,      0,      0,       0,       0,       0,       0
total,        304440,   14508,   14508,   14508,    28.0,    20.5,    77.1,   113.5,   161.1,   188.2,   21.8,  0.00715,      0,      0,       0,       0,       0,       0
total,        319059,   13372,   13372,   13372,    30.2,    26.2,    70.9,   109.1,   135.5,   153.8,   22.9,  0.00711,      0,      0,       0,       0,       0,       0
total,        334674,   13903,   13903,   13903,    28.9,    22.0,    80.9,   113.4,   135.0,   188.2,   24.0,  0.00679,      0,      0,       0,       0,       0,       0
total,        349237,   13138,   13138,   13138,    30.4,    22.6,    79.3,   106.2,   122.8,   138.5,   25.1,  0.00696,      0,      0,       0,       0,       0,       0
total,        363296,   12840,   12840,   12840,    32.2,    29.8,    67.5,    93.2,   128.7,   155.9,   26.2,  0.00740,      0,      0,       0,       0,       0,       0
total,        379187,   14422,   14422,   14422,    28.2,    19.7,    80.8,   116.6,   141.6,   168.4,   27.3,  0.00726,      0,      0,       0,       0,       0,       0
total,        393953,   13925,   13925,   13925,    28.9,    19.0,    99.8,   143.0,   166.5,   201.0,   28.4,  0.00698,      0,      0,       0,       0,       0,       0
total,        410653,   14326,   14326,   14326,    28.0,    23.0,    72.7,    99.1,   122.4,   162.7,   29.5,  0.00681,      0,      0,       0,       0,       0,       0
total,        426004,   13499,   13499,   13499,    30.3,    18.8,    90.5,   121.0,   152.5,   182.6,   30.7,  0.00666,      0,      0,       0,       0,       0,       0
total,        441228,   14277,   14277,   14277,    28.3,    23.3,    72.7,    88.2,   104.9,   131.2,   31.7,  0.00649,      0,      0,       0,       0,       0,       0
total,        456038,   13723,   13723,   13723,    29.6,    25.1,    69.6,    85.2,   107.3,   120.2,   32.8,  0.00629,      0,      0,       0,       0,       0,       0
total,        457530,   12939,   12939,   12939,    31.1,    26.8,    68.8,    82.1,    90.6,    93.3,   32.9,  0.00648,      0,      0,       0,       0,       0,       0


Results:
op rate                   : 13894 [WRITE:13894]
partition rate            : 13894 [WRITE:13894]
row rate                  : 13894 [WRITE:13894]
latency mean              : 29.2 [WRITE:29.2]
latency median            : 22.6 [WRITE:22.6]
latency 95th percentile   : 75.4 [WRITE:75.4]
latency 99th percentile   : 104.5 [WRITE:104.5]
latency 99.9th percentile : 147.8 [WRITE:147.8]
latency max               : 278.0 [WRITE:278.0]
Total partitions          : 457530 [WRITE:457530]
Total errors              : 0 [WRITE:0]
total gc count            : 0
total gc mb               : 0
total gc time (s)         : 0
avg gc time(ms)           : NaN
stdev gc time(ms)         : 0
Total operation time      : 00:00:32

Improvement over 271 threadCount: 7%
Sleeping for 15s

Running with 609 threadCount
Running WRITE with 609 threads until stderr of mean < 0.02
type       total ops,    op/s,    pk/s,   row/s,    mean,     med,     .95,     .99,    .999,     max,   time,   stderr, errors,  gc: #,  max ms,  sum ms,  sdv ms,      mb
total,         12798,   12777,   12777,   12777,    52.1,    41.9,   134.9,   232.5,   308.9,   356.6,    1.0,  0.00000,      0,      0,       0,       0,       0,       0
total,         27994,   13426,   13426,   13426,    44.4,    39.3,    98.2,   131.5,   147.4,   167.8,    2.1,  0.01753,      0,      0,       0,       0,       0,       0
total,         43086,   14761,   14761,   14761,    41.8,    31.7,   103.4,   145.8,   165.7,   194.3,    3.2,  0.03492,      0,      0,       0,       0,       0,       0
total,         58717,   12576,   12576,   12576,    48.0,    38.7,   120.8,   204.3,   252.2,   254.8,    4.4,  0.03191,      0,      0,       0,       0,       0,       0
total,         74312,   14618,   14618,   14618,    42.1,    33.8,   107.4,   133.9,   194.9,   217.2,    5.5,  0.02983,      0,      0,       0,       0,       0,       0
total,         89899,   14220,   14220,   14220,    42.8,    31.9,   111.3,   140.9,   214.3,   217.8,    6.6,  0.02553,      0,      0,       0,       0,       0,       0
total,        105671,   14187,   14187,   14187,    42.5,    36.4,    98.4,   121.8,   140.2,   151.3,    7.7,  0.02222,      0,      0,       0,       0,       0,       0
total,        122060,   14746,   14746,   14746,    41.6,    39.4,    80.5,   103.8,   123.7,   150.4,    8.8,  0.02087,      0,      0,       0,       0,       0,       0
total,        136741,   13665,   13665,   13665,    44.6,    39.9,   102.3,   145.3,   170.7,   203.8,    9.9,  0.01868,      0,      0,       0,       0,       0,       0
total,        153627,   15033,   15033,   15033,    40.5,    32.2,   108.6,   141.3,   162.7,   199.2,   11.0,  0.01840,      0,      0,       0,       0,       0,       0
total,        168887,   13985,   13985,   13985,    43.2,    31.7,   116.7,   167.4,   204.6,   224.9,   12.1,  0.01673,      0,      0,       0,       0,       0,       0
total,        184848,   14536,   14536,   14536,    41.6,    38.4,    87.3,   107.7,   134.9,   144.6,   13.2,  0.01558,      0,      0,       0,       0,       0,       0
total,        201793,   14360,   14360,   14360,    42.6,    27.3,   115.0,   140.1,   178.4,   197.9,   14.4,  0.01446,      0,      0,       0,       0,       0,       0
total,        219052,   14319,   14319,   14319,    42.6,    36.0,   119.4,   151.4,   241.8,   291.4,   15.6,  0.01346,      0,      0,       0,       0,       0,       0
total,        235957,   14903,   14903,   14903,    40.8,    39.6,    75.7,    99.3,   148.8,   158.2,   16.7,  0.01306,      0,      0,       0,       0,       0,       0
total,        250962,   13665,   13665,   13665,    44.2,    38.9,   104.0,   155.1,   182.9,   201.0,   17.8,  0.01244,      0,      0,       0,       0,       0,       0
total,        266757,   14626,   14626,   14626,    41.1,    34.1,    88.3,   190.7,   243.2,   251.3,   18.9,  0.01186,      0,      0,       0,       0,       0,       0
total,        283350,   14585,   14585,   14585,    41.4,    39.8,    80.3,   105.0,   136.8,   140.9,   20.0,  0.01131,      0,      0,       0,       0,       0,       0
total,        300000,   14022,   14022,   14022,    43.3,    29.8,   121.1,   158.3,   193.4,   212.5,   21.2,  0.01073,      0,      0,       0,       0,       0,       0
total,        317059,   14025,   14025,   14025,    44.3,    25.1,   125.2,   162.1,   214.1,   223.8,   22.4,  0.01021,      0,      0,       0,       0,       0,       0
total,        332154,   14175,   14175,   14175,    43.0,    39.5,    87.8,   110.2,   145.6,   157.1,   23.5,  0.00973,      0,      0,       0,       0,       0,       0
total,        348599,   14777,   14777,   14777,    40.9,    33.3,   102.5,   128.3,   147.1,   159.5,   24.6,  0.00947,      0,      0,       0,       0,       0,       0
total,        364739,   13793,   13793,   13793,    44.0,    33.4,   114.0,   144.0,   161.1,   195.1,   25.8,  0.00914,      0,      0,       0,       0,       0,       0
total,        381182,   14732,   14732,   14732,    41.6,    35.3,    99.6,   132.5,   166.2,   199.3,   26.9,  0.00890,      0,      0,       0,       0,       0,       0
total,        397216,   14812,   14812,   14812,    40.9,    34.3,    97.2,   144.1,   170.8,   211.4,   28.0,  0.00870,      0,      0,       0,       0,       0,       0
total,        412743,   14004,   14004,   14004,    43.3,    37.1,   106.8,   137.1,   196.4,   221.6,   29.1,  0.00839,      0,      0,       0,       0,       0,       0
total,        429675,   14762,   14762,   14762,    40.8,    33.9,    97.5,   123.2,   161.8,   188.0,   30.2,  0.00819,      0,      0,       0,       0,       0,       0
total,        446232,   14350,   14350,   14350,    42.9,    32.8,   119.4,   154.6,   195.0,   215.9,   31.4,  0.00790,      0,      0,       0,       0,       0,       0
total,        463668,   14405,   14405,   14405,    41.9,    32.2,   108.2,   137.0,   173.6,   199.6,   32.6,  0.00764,      0,      0,       0,       0,       0,       0
total,        479752,   14684,   14684,   14684,    41.3,    27.6,   106.5,   130.9,   153.7,   164.8,   33.7,  0.00745,      0,      0,       0,       0,       0,       0
total,        482206,   10610,   10610,   10610,    64.4,    57.0,   150.2,   165.7,   180.5,   190.8,   33.9,  0.01094,      0,      0,       0,       0,       0,       0


Results:
op rate                   : 14223 [WRITE:14223]
partition rate            : 14223 [WRITE:14223]
row rate                  : 14223 [WRITE:14223]
latency mean              : 42.9 [WRITE:42.9]
latency median            : 35.2 [WRITE:35.2]
latency 95th percentile   : 101.6 [WRITE:101.6]
latency 99th percentile   : 136.1 [WRITE:136.1]
latency 99.9th percentile : 203.1 [WRITE:203.1]
latency max               : 356.6 [WRITE:356.6]
Total partitions          : 482206 [WRITE:482206]
Total errors              : 0 [WRITE:0]
total gc count            : 0
total gc mb               : 0
total gc time (s)         : 0
avg gc time(ms)           : NaN
stdev gc time(ms)         : 0
Total operation time      : 00:00:33

Improvement over 406 threadCount: 2%
Sleeping for 15s

Running with 913 threadCount
Running WRITE with 913 threads until stderr of mean < 0.02
type       total ops,    op/s,    pk/s,   row/s,    mean,     med,     .95,     .99,    .999,     max,   time,   stderr, errors,  gc: #,  max ms,  sum ms,  sdv ms,      mb
total,         13426,   13399,   13399,   13399,    72.5,    50.4,   234.6,   350.2,   499.3,   512.0,    1.0,  0.00000,      0,      0,       0,       0,       0,       0
total,         30953,   15091,   15091,   15091,    61.1,    53.8,   128.1,   153.5,   198.1,   234.3,    2.2,  0.04199,      0,      0,       0,       0,       0,       0
total,         46686,   13661,   13661,   13661,    66.4,    61.5,   140.7,   199.2,   243.9,   261.6,    3.3,  0.03055,      0,      0,       0,       0,       0,       0
total,         63755,   15388,   15388,   15388,    59.1,    46.6,   147.1,   188.6,   223.5,   236.6,    4.4,  0.03010,      0,      0,       0,       0,       0,       0
total,         80891,   14800,   14800,   14800,    61.0,    43.4,   150.2,   186.1,   219.2,   240.9,    5.6,  0.02449,      0,      0,       0,       0,       0,       0
total,         97129,   13578,   13578,   13578,    68.2,    57.0,   153.5,   180.1,   207.9,   222.4,    6.8,  0.02268,      0,      0,       0,       0,       0,       0
total,        114687,   14895,   14895,   14895,    60.8,    56.0,   128.4,   151.8,   170.9,   211.2,    8.0,  0.02004,      0,      0,       0,       0,       0,       0
total,        130881,   14457,   14457,   14457,    63.0,    56.5,   133.0,   172.7,   201.7,   215.0,    9.1,  0.01753,      0,      0,       0,       0,       0,       0
total,        145661,   12965,   12965,   12965,    70.6,    56.3,   201.7,   276.9,   325.1,   329.7,   10.2,  0.01900,      0,      0,       0,       0,       0,       0
total,        162283,   14157,   14157,   14157,    63.7,    58.3,   137.2,   166.9,   218.9,   244.6,   11.4,  0.01712,      0,      0,       0,       0,       0,       0
total,        180684,   15290,   15290,   15290,    59.9,    42.7,   145.0,   195.7,   225.2,   260.2,   12.6,  0.01672,      0,      0,       0,       0,       0,       0
total,        198288,   14918,   14918,   14918,    61.6,    53.4,   139.9,   161.4,   184.8,   204.5,   13.8,  0.01561,      0,      0,       0,       0,       0,       0
total,        215482,   14367,   14367,   14367,    62.3,    41.1,   157.9,   201.1,   228.4,   296.0,   15.0,  0.01441,      0,      0,       0,       0,       0,       0
total,        232025,   14920,   14920,   14920,    61.9,    53.3,   136.5,   168.0,   196.1,   232.6,   16.1,  0.01359,      0,      0,       0,       0,       0,       0
total,        248816,   14362,   14362,   14362,    63.6,    56.4,   132.4,   186.3,   209.0,   223.1,   17.2,  0.01269,      0,      0,       0,       0,       0,       0
total,        266048,   14568,   14568,   14568,    63.1,    58.4,   128.7,   147.7,   177.7,   195.8,   18.4,  0.01191,      0,      0,       0,       0,       0,       0
total,        282955,   14537,   14537,   14537,    62.9,    56.8,   126.8,   154.4,   193.1,   205.5,   19.6,  0.01121,      0,      0,       0,       0,       0,       0
total,        300336,   14891,   14891,   14891,    60.2,    54.9,   133.8,   167.7,   196.5,   224.0,   20.8,  0.01071,      0,      0,       0,       0,       0,       0
total,        317230,   14290,   14290,   14290,    63.1,    48.2,   170.3,   208.2,   240.8,   271.3,   21.9,  0.01017,      0,      0,       0,       0,       0,       0
total,        334253,   14068,   14068,   14068,    66.6,    61.4,   140.1,   189.5,   211.6,   244.2,   23.2,  0.00976,      0,      0,       0,       0,       0,       0
total,        349431,   13715,   13715,   13715,    66.2,    62.2,   111.4,   134.0,   166.1,   183.0,   24.3,  0.00960,      0,      0,       0,       0,       0,       0
total,        365018,   13697,   13697,   13697,    66.8,    65.4,   118.2,   137.1,   176.9,   188.0,   25.4,  0.00943,      0,      0,       0,       0,       0,       0
total,        379964,   13121,   13121,   13121,    69.4,    67.7,   124.2,   140.5,   162.3,   192.6,   26.5,  0.00978,      0,      0,       0,       0,       0,       0
total,        395618,   14008,   14008,   14008,    64.9,    62.6,   122.0,   150.1,   184.1,   234.5,   27.7,  0.00942,      0,      0,       0,       0,       0,       0
total,        413254,   14650,   14650,   14650,    61.7,    55.5,   133.7,   174.4,   224.5,   256.7,   28.9,  0.00909,      0,      0,       0,       0,       0,       0
total,        431337,   15292,   15292,   15292,    60.5,    55.9,   128.2,   153.2,   178.5,   199.1,   30.0,  0.00909,      0,      0,       0,       0,       0,       0
total,        449092,   14381,   14381,   14381,    62.8,    56.5,   138.7,   191.6,   216.0,   252.7,   31.3,  0.00875,      0,      0,       0,       0,       0,       0
total,        467473,   15302,   15302,   15302,    59.8,    45.0,   147.9,   184.1,   211.4,   234.1,   32.5,  0.00873,      0,      0,       0,       0,       0,       0
total,        484513,   14464,   14464,   14464,    63.4,    58.4,   128.5,   171.7,   202.8,   226.4,   33.7,  0.00843,      0,      0,       0,       0,       0,       0
total,        497875,   11716,   11716,   11716,    76.1,    72.5,   156.5,   207.9,   253.6,   264.1,   34.8,  0.01023,      0,      0,       0,       0,       0,       0
total,        501116,    6331,    6331,    6331,   136.4,   101.4,   324.7,   371.8,   396.6,   428.5,   35.3,  0.02064,      0,      0,       0,       0,       0,       0


Results:
op rate                   : 14192 [WRITE:14192]
partition rate            : 14192 [WRITE:14192]
row rate                  : 14192 [WRITE:14192]
latency mean              : 64.3 [WRITE:64.3]
latency median            : 56.3 [WRITE:56.3]
latency 95th percentile   : 137.2 [WRITE:137.2]
latency 99th percentile   : 187.7 [WRITE:187.7]
latency 99.9th percentile : 314.7 [WRITE:314.7]
latency max               : 512.0 [WRITE:512.0]
Total partitions          : 501116 [WRITE:501116]
Total errors              : 0 [WRITE:0]
total gc count            : 0
total gc mb               : 0
total gc time (s)         : 0
avg gc time(ms)           : NaN
stdev gc time(ms)         : 0
Total operation time      : 00:00:35

Improvement over 609 threadCount: -0%
             id, type       total ops,    op/s,    pk/s,   row/s,    mean,     med,     .95,     .99,    .999,     max,   time,   stderr, errors,  gc: #,  max ms,  sum ms,  sdv ms,      mb
  4 threadCount, WRITE,        211300,    4471,    4471,    4471,     0.9,     0.8,     1.4,     2.3,     6.5,    61.1,   47.3,  0.02385,      0,      0,       0,       0,       0,       0
  4 threadCount, total,        211300,    4471,    4471,    4471,     0.9,     0.8,     1.4,     2.3,     6.5,    61.1,   47.3,  0.02385,      0,      0,       0,       0,       0,       0
  8 threadCount, WRITE,        210230,    5805,    5805,    5805,     1.4,     1.1,     2.6,     4.1,    10.3,   294.7,   36.2,  0.02237,      0,      0,       0,       0,       0,       0
  8 threadCount, total,        210230,    5805,    5805,    5805,     1.4,     1.1,     2.6,     4.1,    10.3,   294.7,   36.2,  0.02237,      0,      0,       0,       0,       0,       0
 16 threadCount, WRITE,        225517,    7444,    7444,    7444,     2.1,     1.8,     4.0,     5.7,    18.2,    57.5,   30.3,  0.01819,      0,      0,       0,       0,       0,       0
 16 threadCount, total,        225517,    7444,    7444,    7444,     2.1,     1.8,     4.0,     5.7,    18.2,    57.5,   30.3,  0.01819,      0,      0,       0,       0,       0,       0
 24 threadCount, WRITE,        255570,    8405,    8405,    8405,     2.8,     2.4,     5.5,     7.9,    46.2,   115.4,   30.4,  0.01570,      0,      0,       0,       0,       0,       0
 24 threadCount, total,        255570,    8405,    8405,    8405,     2.8,     2.4,     5.5,     7.9,    46.2,   115.4,   30.4,  0.01570,      0,      0,       0,       0,       0,       0
 36 threadCount, WRITE,        280736,    9177,    9177,    9177,     3.9,     3.2,     8.3,    12.4,    53.6,    80.1,   30.6,  0.01303,      0,      0,       0,       0,       0,       0
 36 threadCount, total,        280736,    9177,    9177,    9177,     3.9,     3.2,     8.3,    12.4,    53.6,    80.1,   30.6,  0.01303,      0,      0,       0,       0,       0,       0
 54 threadCount, WRITE,        314372,   10246,   10246,   10246,     5.2,     4.1,    11.8,    17.8,    52.3,    80.4,   30.7,  0.01029,      0,      0,       0,       0,       0,       0
 54 threadCount, total,        314372,   10246,   10246,   10246,     5.2,     4.1,    11.8,    17.8,    52.3,    80.4,   30.7,  0.01029,      0,      0,       0,       0,       0,       0
 81 threadCount, WRITE,        343790,   11124,   11124,   11124,     7.2,     5.3,    18.0,    29.3,    60.1,   148.2,   30.9,  0.00934,      0,      0,       0,       0,       0,       0
 81 threadCount, total,        343790,   11124,   11124,   11124,     7.2,     5.3,    18.0,    29.3,    60.1,   148.2,   30.9,  0.00934,      0,      0,       0,       0,       0,       0
121 threadCount, WRITE,        377551,   12149,   12149,   12149,     9.9,     7.4,    25.1,    39.7,    73.2,   111.3,   31.1,  0.00959,      0,      0,       0,       0,       0,       0
121 threadCount, total,        377551,   12149,   12149,   12149,     9.9,     7.4,    25.1,    39.7,    73.2,   111.3,   31.1,  0.00959,      0,      0,       0,       0,       0,       0
181 threadCount, WRITE,        373454,   11654,   11654,   11654,    15.5,    12.6,    38.3,    64.5,   106.2,   181.5,   32.0,  0.01853,      0,      0,       0,       0,       0,       0
181 threadCount, total,        373454,   11654,   11654,   11654,    15.5,    12.6,    38.3,    64.5,   106.2,   181.5,   32.0,  0.01853,      0,      0,       0,       0,       0,       0
271 threadCount, WRITE,        418553,   12958,   12958,   12958,    20.9,    15.2,    56.6,    83.8,   134.5,   261.0,   32.3,  0.00958,      0,      0,       0,       0,       0,       0
271 threadCount, total,        418553,   12958,   12958,   12958,    20.9,    15.2,    56.6,    83.8,   134.5,   261.0,   32.3,  0.00958,      0,      0,       0,       0,       0,       0
406 threadCount, WRITE,        457530,   13894,   13894,   13894,    29.2,    22.6,    75.4,   104.5,   147.8,   278.0,   32.9,  0.00648,      0,      0,       0,       0,       0,       0
406 threadCount, total,        457530,   13894,   13894,   13894,    29.2,    22.6,    75.4,   104.5,   147.8,   278.0,   32.9,  0.00648,      0,      0,       0,       0,       0,       0
609 threadCount, WRITE,        482206,   14223,   14223,   14223,    42.9,    35.2,   101.6,   136.1,   203.1,   356.6,   33.9,  0.01094,      0,      0,       0,       0,       0,       0
609 threadCount, total,        482206,   14223,   14223,   14223,    42.9,    35.2,   101.6,   136.1,   203.1,   356.6,   33.9,  0.01094,      0,      0,       0,       0,       0,       0
913 threadCount, WRITE,        501116,   14192,   14192,   14192,    64.3,    56.3,   137.2,   187.7,   314.7,   512.0,   35.3,  0.02064,      0,      0,       0,       0,       0,       0
913 threadCount, total,        501116,   14192,   14192,   14192,    64.3,    56.3,   137.2,   187.7,   314.7,   512.0,   35.3,  0.02064,      0,      0,       0,       0,       0,       0
END
